118528
118730
118932
119833
120111
120212
120515
121618
122317
122620
123117
123420
123925
124220
124422
124826
125525
126325
126628
127630
127933
128127
128632
129028
130013
130316
130922
131217
131722
131924
133019
133625
133928
135225
135528
136833
137633
138231
138534
139233
139637
140117
140420
140824
141422
141826
143325
144226
144832
145834
146331
146432
147030
147737
148032
148840
148941
149337
149539
149741
150625
150726
151223
151526
151627
151728
152831
153025
153429
154431
154734
154835
154936
155231
155635
156233
156637
157336
157437
158035
158136
158540
159239
159340
159441
160123
160830
161327
161630
161731
162026
162228
162329
162733
163129
163331
163836
164030
164939
165032
165840
166438
167036
168341
169343
169444
171633
172029
172130
172332
172938
173334
173435
173536
173940
175035
175439
176542
177645
177746
178142
178849
178950
179346
179548
180129
180432
180836
180937
181131
181232
182739
182840
185139
185442
186141
187547
187850
188347
189349
189450
190031
191033
191336
191437
192540
192843
193239
194140
194645
194847
195041
195849
196144
196750
197348
198451
198855
199150
199453
199655
199958
200614
201111
201414
201818
203418
204016
205119
205220
205725
205826
208226
209935
210011
210415
210617
211215
211316
211417
211922
212116
212217
212318
212419
214019
214221
214423
214726
217126
217429
224022
231928
233326
239944
245333
246133
250427
250932
251833
255639
256540
