100206
100307
100408
101006
101107
101309
101410
101915
102311
102513
102816
103111
103414
103515
103818
104012
104820
105014
105115
105216
105923
106016
106319
106521
107321
107422
108121
108323
108525
108828
109123
110007
110411
110613
111312
111413
111514
111716
112112
112314
113215
113619
113922
114419
114621
115320
115825
116524
117122
117324
117930
118528
118730
118932
119126
119732
119833
120111
120212
120515
120717
121618
122317
122620
123117
123420
123521
123925
124220
124422
124826
125525
126325
126628
127630
127933
128026
128127
128632
129028
129634
129937
130013
130316
130619
130821
130922
131217
131722
131823
131924
133019
133625
133827
133928
134021
134223
134829
135225
135528
135730
135932
136227
136833
137229
137633
138231
138534
138837
139233
139637
140117
140420
140824
140925
141422
141826
143325
144125
144226
144428
144731
144832
145834
146129
146331
146432
146533
146634
147030
147737
148032
148133
148335
148840
148941
149337
149539
149741
149842
150019
150625
150726
150928
151223
151526
151627
151728
151829
152831
153025
153227
153429
153732
154229
154431
154734
154835
154936
155231
155635
156031
156233
156334
156435
156536
156637
157336
157437
158035
158136
158540
159138
159239
159340
159441
159744
160123
160830
161327
161630
161731
162026
162228
162329
162733
162935
163129
163331
163836
164030
164131
164636
164939
165032
165840
166438
167036
168139
168341
168745
169343
169444
169747
169949
170631
170934
171633
172029
172130
172332
172433
172534
172938
173334
173435
173536
173738
173839
173940
175035
175338
175439
175540
176441
176542
177645
177746
178142
178243
178849
178950
179245
179346
179548
180129
180432
180735
180836
180937
181131
181232
182739
182840
183034
185139
185442
185846
186141
186444
187547
187850
188347
188448
188751
189349
189450
190031
191033
191336
191437
191841
191942
192136
192540
192641
192843
193239
194140
194645
194847
195041
195445
195647
195849
195950
196144
196346
196750
197348
198350
198451
198855
199150
199453
199655
199958
200109
200210
200614
200917
201111
201414
201818
202113
202719
203418
203923
204016
204420
204521
205119
205220
205725
205826
206222
207123
208226
208327
209329
209935
210011
210415
210617
211114
211215
211316
211417
211720
211922
212015
212116
212217
212318
212419
213421
214019
214221
214423
214625
214726
217126
217429
221319
224022
231928
233326
236130
237334
239944
245333
246133
250427
250932
251833
255639
256540
257542
263436
268749
268850
275645
280739
280941
284646
285345
285446
286650
287248
289555
290136
293748
297655
298051
298455
299154
303119
303624
304020
305830
307127
308129
308331
310621
316633
316835
318637
320826
321323
322224
330324
333330
334635
336841
339847
346137
351938
352132
353740
361234
361941
365343
366042
366446
371843
377451
379657
380036
381038
385450
386250
387959
390645
391748
395251
395756
395958
397154
397760
397861
412528
414229
415837
422632
424939
432332
433839
436239
436845
441939
445543
448347
449753
456346
465852
473952
479762
480141
481951
485757
486759
492754
495255
497865
499566
500222
506234
510326
512835
517239
519950
520228
522434
524135
525541
529953
530635
531536
540436
541943
545345
547046
553344
555651
557857
559053
561242
561444
562446
565452
566454
567052
567961
568963
570243
571548
573249
573451
576255
579867
580044
580347
580650
580751
581349
583858
585256
586460
594156
597869
598568
599469
599671
604537
613538
616645
617748
618952
622236
623844
626648
627549
627852
633847
638049
645551
647858
654754
656657
657659
660951
663755
664757
665254
668361
672756
673455
677968
679568
680957
683256
685058
687163
690152
693764
695768
700634
702133
704238
705341
709551
713239
715647
715950
724446
729254
729557
731140
732243
734045
735148
742549
744553
748258
748662
749058
751348
751550
753150
756055
759869
761957
765056
766563
769064
770352
771354
773257
779370
782561
783462
784565
786569
788876
789373
792564
792867
800941
802844
810843
812746
816653
825048
826353
826454
833148
833249
835657
837560
837964
841349
843151
845458
849264
849971
852455
856463
856766
856968
857263
859671
861456
865363
871762
871964
872158
877168
877269
885975
887373
889579
891667
894673
894774
896778
896879
898176
899885
901139
901442
904044
907656
910241
910443
912447
917255
917558
919966
922854
923755
927359
930449
932554
937160
952863
957974
958976
959574
965367
965771
966975
972566
978578
983773
984472
987983
991267
992673
992774
994273
