12 12 32
1 1 10.592799527
2 2 3.95314153208
2 6 -0.0122501682931
2 12 -0.134842030969
3 3 4.91884702485
3 7 -0.307337552779
3 12 -0.115803792219
4 4 5.99481253997
4 7 -0.0489465557448
5 5 3.73616808768
5 6 0.588556765698
5 10 -0.215001986224
5 12 0.212912709976
6 2 -0.0122501682931
6 5 0.588556765698
6 6 7.11186821691
7 3 -0.307337552779
7 4 -0.0489465557448
7 7 3.82730513331
7 8 0.931196397008
7 10 0.409467283097
8 7 0.931196397008
8 8 6.56610594608
9 9 6.0117186906
10 5 -0.215001986224
10 7 0.409467283097
10 10 5.1246134741
11 11 7.75261980909
12 2 -0.134842030969
12 3 -0.115803792219
12 5 0.212912709976
12 12 4.4785527094
