4005 4005 4005
1 1 62.4735829216
2 2 36.7296410519
3 3 25.1476793515
4 4 15.4626256803
5 5 17.8960349933
6 6 42.6560306812
7 7 31.710708764
8 8 15.9989813576
9 9 16.1764960579
10 10 38.9876865597
11 11 32.7720824706
12 12 29.3096124365
13 13 21.8713286035
14 14 19.3487692133
15 15 15.3767194689
16 16 39.8559201913
17 17 35.6964413794
18 18 45.6939894866
19 19 47.9618295279
20 20 11.7258544557
21 21 12.0282305207
22 22 15.4075483067
23 23 16.0051206062
24 24 21.3147745367
25 25 18.7332203121
26 26 21.2966069859
27 27 24.0193193856
28 28 30.396598716
29 29 31.1969993006
30 30 23.8341380862
31 31 24.1491813977
32 32 42.6214378097
33 33 45.4665165163
34 34 15.7160603689
35 35 15.7723472469
36 36 20.6467534169
37 37 18.1362764058
38 38 22.0552066789
39 39 18.8562732636
40 40 18.7302704091
41 41 15.1819927064
42 42 33.4989573278
43 43 32.4560740581
44 44 33.1172929247
45 45 38.887617537
46 46 34.1886537398
47 47 30.9851608366
48 48 34.2747689301
49 49 39.8798706652
50 50 32.2845210689
51 51 32.3159519551
52 52 26.463015686
53 53 23.4490015658
54 54 31.9803313004
55 55 26.9864695757
56 56 84.0364913214
57 57 67.8359582676
58 58 27.2565719639
59 59 34.3136636182
60 60 21.9125431142
61 61 22.254582416
62 62 26.710578438
63 63 41.0327136905
64 64 20.8952539871
65 65 17.1115345711
66 66 34.5499576778
67 67 32.1178929908
68 68 33.1290030554
69 69 31.0537061647
70 70 23.8099279102
71 71 24.734908799
72 72 30.2643552314
73 73 32.0139867757
74 74 17.0146150961
75 75 26.2234507565
76 76 21.8126675917
77 77 28.212812065
78 78 21.9575376362
79 79 27.0898322821
80 80 34.230130798
81 81 34.1875630245
82 82 18.7013577328
83 83 19.2606014077
84 84 27.3530087547
85 85 28.3344798131
86 86 12.3835546152
87 87 15.6660271803
88 88 20.2033531273
89 89 16.5550109495
90 90 39.5647581495
91 91 30.0704307951
92 92 16.4554514728
93 93 16.2213701125
94 94 41.7514663399
95 95 33.5714458048
96 96 15.8055545711
97 97 16.27776904
98 98 28.6659046528
99 99 41.6876222143
100 100 24.2182887047
101 101 24.8818416991
102 102 20.6114353359
103 103 18.7061664205
104 104 31.6595627895
105 105 37.391381703
106 106 55.4407319999
107 107 53.1487552596
108 108 12.0458231817
109 109 14.4605633596
110 110 18.8231158783
111 111 20.044558077
112 112 22.2194827391
113 113 21.0102545528
114 114 22.5577068737
115 115 21.8751825047
116 116 23.5568823106
117 117 33.1508998054
118 118 26.1817772502
119 119 28.9425757431
120 120 45.5997317139
121 121 48.7674532977
122 122 20.7860662341
123 123 23.3819695734
124 124 23.9986450706
125 125 22.4808572497
126 126 23.6793764629
127 127 18.9655810909
128 128 18.6608322302
129 129 17.4100893657
130 130 31.1869867741
131 131 30.7245122588
132 132 30.4705407154
133 133 34.2179479972
134 134 34.0123755927
135 135 29.5617309984
136 136 29.1432451116
137 137 37.5308208364
138 138 26.6404386866
139 139 27.897948621
140 140 26.4861706403
141 141 22.4551056878
142 142 31.7188003587
143 143 21.866787171
144 144 58.2716146105
145 145 78.4372110468
146 146 27.0988284395
147 147 33.0058601153
148 148 23.7662773373
149 149 26.3918375189
150 150 35.4651601383
151 151 47.1730555021
152 152 22.1393882461
153 153 20.1133521133
154 154 39.9114750358
155 155 37.0130138923
156 156 39.4050683108
157 157 41.6507753335
158 158 26.4849711919
159 159 29.2172148975
160 160 30.5332097612
161 161 29.1089650783
162 162 19.054315612
163 163 26.4253107167
164 164 28.4227190183
165 165 34.9348385928
166 166 22.3289124129
167 167 28.4027085313
168 168 32.6395496724
169 169 35.5096208988
170 170 20.56206579
171 171 22.9092365861
172 172 29.4335373492
173 173 32.7443726434
174 174 14.5637699783
175 175 17.600064299
176 176 19.8254700517
177 177 17.7077278045
178 178 67.2044053425
179 179 22.9149531944
180 180 25.4496851133
181 181 70.629336225
182 182 63.0225079495
183 183 26.3100437732
184 184 25.1732224376
185 185 22.8882454569
186 186 35.7155104551
187 187 27.0037371735
188 188 23.0865087189
189 189 42.508167793
190 190 24.6450520259
191 191 36.2676858406
192 192 33.5292992533
193 193 54.9868120186
194 194 42.3756991264
195 195 19.647039965
196 196 28.6751034514
197 197 67.3317190732
198 198 47.3692258027
199 199 27.0967176992
200 200 22.2280425776
201 201 24.2758711906
202 202 27.1903361044
203 203 29.6303661346
204 204 32.2005183978
205 205 40.094324626
206 206 42.4187829938
207 207 44.8246630493
208 208 45.4575488282
209 209 24.882303406
210 210 29.8497434632
211 211 21.7016539792
212 212 25.2977000958
213 213 26.9182158668
214 214 23.7802218152
215 215 21.4140875351
216 216 19.9373654251
217 217 28.0899100837
218 218 29.579003883
219 219 32.1498972824
220 220 29.8559444587
221 221 28.6495380801
222 222 30.0189523526
223 223 30.7315006479
224 224 28.548021305
225 225 31.2192730735
226 226 29.0887165981
227 227 29.6680167752
228 228 22.592965266
229 229 26.4948248003
230 230 21.9893638779
231 231 32.8080190965
232 232 37.6818999837
233 233 36.2630361759
234 234 39.5169623715
235 235 37.2920812145
236 236 46.3823287044
237 237 41.0377421745
238 238 40.7417488231
239 239 33.5997490299
240 240 34.549862048
241 241 38.1730035971
242 242 36.4798157435
243 243 29.2217941146
244 244 29.4457583124
245 245 34.7599473845
246 246 38.5495346979
247 247 26.7771757787
248 248 31.9154321406
249 249 19.2371725224
250 250 25.9164360024
251 251 30.3797871953
252 252 31.1180700077
253 253 28.3173493074
254 254 28.2456520045
255 255 33.7065899548
256 256 30.28376322
257 257 24.1897540097
258 258 23.6893072818
259 259 34.9295553679
260 260 34.6057297347
261 261 17.0514180349
262 262 25.1392749204
263 263 21.7985637178
264 264 19.8391570002
265 265 20.279716637
266 266 23.869525274
267 267 33.7828502119
268 268 77.5203144183
269 269 23.0536684857
270 270 33.2192386886
271 271 19.2341906358
272 272 39.3611061612
273 273 21.1536217765
274 274 26.5324021439
275 275 38.7329759048
276 276 35.3347184977
277 277 30.138604603
278 278 27.2355108713
279 279 32.7298936886
280 280 38.4005108576
281 281 16.9815254976
282 282 22.832103646
283 283 48.4766098235
284 284 70.1974038925
285 285 31.1688210762
286 286 27.5716720473
287 287 21.5759404042
288 288 19.8233688622
289 289 22.4237952673
290 290 29.2512349831
291 291 28.9370348824
292 292 33.373442589
293 293 34.6233070403
294 294 35.6658356868
295 295 24.6997229173
296 296 23.407811734
297 297 25.518165889
298 298 29.7639462228
299 299 29.5381268846
300 300 29.7642150584
301 301 20.7446583541
302 302 20.8961032168
303 303 32.4692331034
304 304 32.5031178697
305 305 33.095048795
306 306 27.3376767248
307 307 32.3885757401
308 308 32.723225805
309 309 29.9054362028
310 310 21.4847440005
311 311 25.4276207038
312 312 28.6818157067
313 313 26.1015171802
314 314 23.6863975849
315 315 22.4546946733
316 316 25.439522052
317 317 21.7689991635
318 318 27.9403640665
319 319 28.0134852741
320 320 38.5490353752
321 321 27.9060295061
322 322 43.8835297267
323 323 27.6744339076
324 324 27.56946548
325 325 35.9510872904
326 326 46.3373360615
327 327 38.1122980529
328 328 41.9347846799
329 329 23.3513664225
330 330 24.685906835
331 331 28.0869100054
332 332 33.2550165024
333 333 23.0945882697
334 334 32.4994257059
335 335 19.3835253476
336 336 28.1113031274
337 337 30.5296341402
338 338 27.8960170038
339 339 27.9729157571
340 340 28.8772211808
341 341 26.8363883867
342 342 29.4401418542
343 343 29.1939007705
344 344 28.584539433
345 345 38.2548169075
346 346 41.7255962039
347 347 18.8961755504
348 348 26.6208973313
349 349 22.296217184
350 350 25.8356900333
351 351 36.5273656936
352 352 18.3022141934
353 353 21.9289730607
354 354 39.2425552299
355 355 28.3557894886
356 356 12.7183159077
357 357 18.7126651412
358 358 12.2294165943
359 359 20.7454816232
360 360 34.9963763493
361 361 26.482485312
362 362 14.4504066456
363 363 16.1256149214
364 364 24.9189649191
365 365 19.5582794735
366 366 28.1849624015
367 367 31.6816992337
368 368 27.7388558172
369 369 20.447184143
370 370 24.2812871243
371 371 18.5606453501
372 372 37.1329056859
373 373 32.736177659
374 374 14.6755515291
375 375 24.2672011806
376 376 24.6003560592
377 377 20.5605800078
378 378 18.6062657405
379 379 22.2236901323
380 380 16.7911468575
381 381 17.5529770779
382 382 16.4745444406
383 383 18.6072923627
384 384 18.6711103818
385 385 19.8538886826
386 386 15.523595331
387 387 18.0861236626
388 388 24.5622050915
389 389 21.7741827861
390 390 23.6832180828
391 391 19.2203810332
392 392 20.2477140537
393 393 23.2294896134
394 394 22.3619923867
395 395 17.6357100631
396 396 23.1656770042
397 397 16.9433831501
398 398 27.7194926872
399 399 24.9133718127
400 400 25.0616348081
401 401 30.571682931
402 402 14.8962382989
403 403 15.9752641767
404 404 19.4500493579
405 405 23.4241814933
406 406 16.5024517878
407 407 21.1298988064
408 408 22.6476696615
409 409 22.2853859989
410 410 18.5000080126
411 411 18.0136816068
412 412 27.7152294846
413 413 27.3966438236
414 414 20.6648465514
415 415 23.2707809066
416 416 24.885456915
417 417 25.7498222595
418 418 13.8318365733
419 419 21.5914326312
420 420 19.6543852446
421 421 24.5054831176
422 422 23.0858009904
423 423 27.0650994747
424 424 18.5385740331
425 425 17.8511380567
426 426 17.9998773298
427 427 15.7898610175
428 428 19.5708376886
429 429 23.6987567095
430 430 26.8479209012
431 431 25.7632628023
432 432 18.9885176853
433 433 20.7314571821
434 434 27.6900267616
435 435 30.22124005
436 436 22.9467371062
437 437 26.0699436638
438 438 46.5829034097
439 439 43.5282639286
440 440 13.2886357225
441 441 16.5501275733
442 442 12.8364454131
443 443 15.0711397848
444 444 26.3559798509
445 445 18.0675046464
446 446 17.4019830707
447 447 17.670080677
448 448 23.9528863259
449 449 18.0210875986
450 450 21.2300843324
451 451 23.4788070232
452 452 27.0534023741
453 453 24.0413634549
454 454 18.4608148302
455 455 28.3005674763
456 456 27.1978415672
457 457 41.9861808508
458 458 15.1206981177
459 459 17.0471175571
460 460 21.1749144282
461 461 18.8449639751
462 462 20.1320414929
463 463 23.0186407891
464 464 20.548893408
465 465 20.4309155101
466 466 19.0338215092
467 467 19.2805872471
468 468 19.1031099919
469 469 19.0528453553
470 470 20.8205472247
471 471 17.796154144
472 472 19.3877580047
473 473 16.2170828095
474 474 20.7223892616
475 475 21.2673252114
476 476 17.51723122
477 477 16.3104809261
478 478 24.1638178774
479 479 21.3485268186
480 480 23.4570930092
481 481 21.677556339
482 482 25.6620643319
483 483 23.5902914016
484 484 21.2643209367
485 485 25.5568077176
486 486 18.2432417462
487 487 17.0190195053
488 488 23.5348676298
489 489 27.6084170856
490 490 21.6928953023
491 491 24.6019872865
492 492 29.5866579833
493 493 23.9022456391
494 494 19.3872109894
495 495 17.1414674286
496 496 25.7003748858
497 497 26.757220737
498 498 21.8419532532
499 499 23.5405642999
500 500 24.9363257913
501 501 24.9317627419
502 502 18.3571749439
503 503 21.9322373553
504 504 25.6830978438
505 505 23.6159214692
506 506 21.2342839062
507 507 19.8739203386
508 508 17.8587151807
509 509 19.0573849616
510 510 16.2564756819
511 511 13.4960284125
512 512 14.814646637
513 513 21.8123724018
514 514 22.5377926271
515 515 18.068456733
516 516 21.7545600595
517 517 21.6464633696
518 518 25.6741314925
519 519 24.7600059088
520 520 62.6834181103
521 521 24.6739670805
522 522 24.2788001114
523 523 28.0482775526
524 524 32.9853750069
525 525 32.9754235831
526 526 24.9337855794
527 527 39.883203214
528 528 22.2420759442
529 529 37.9012715036
530 530 30.1668001697
531 531 44.1588405193
532 532 33.7470743648
533 533 13.8528070968
534 534 16.8343726657
535 535 32.7779718685
536 536 18.8719250774
537 537 20.3345299914
538 538 19.2952651091
539 539 18.6953977054
540 540 22.6150749184
541 541 26.8202527103
542 542 30.5803633531
543 543 32.3250375674
544 544 27.2190284989
545 545 44.6713543955
546 546 41.3030884783
547 547 19.5022422485
548 548 23.5892377384
549 549 25.462861516
550 550 25.5949265907
551 551 25.9294428558
552 552 25.9127254745
553 553 18.1106972286
554 554 21.2670264145
555 555 27.5120320331
556 556 28.0448220916
557 557 30.5412082451
558 558 29.0284300191
559 559 27.0020811469
560 560 30.5570633684
561 561 28.3176963253
562 562 29.9312273089
563 563 27.3776874114
564 564 29.0807524031
565 565 25.8790525335
566 566 25.4862496801
567 567 27.4720156945
568 568 23.4709566218
569 569 44.0058463676
570 570 38.2704584842
571 571 31.5184097796
572 572 46.4112579073
573 573 31.5530737978
574 574 41.5288880422
575 575 42.8336492234
576 576 52.0308174658
577 577 33.4104564449
578 578 30.6040636769
579 579 35.6746174864
580 580 40.4295140378
581 581 23.6764934655
582 582 24.3560859051
583 583 27.7458316357
584 584 32.7193396819
585 585 25.4344795459
586 586 30.0191693742
587 587 20.1886676349
588 588 25.7259599141
589 589 30.3362585277
590 590 34.4664385986
591 591 31.0263858696
592 592 33.2195184285
593 593 35.0554024683
594 594 35.0454940218
595 595 22.4227860034
596 596 23.4457426625
597 597 37.2729251578
598 598 39.9792280563
599 599 13.7429709195
600 600 23.5981965765
601 601 23.233508675
602 602 21.9782861177
603 603 27.263245653
604 604 32.0458502719
605 605 17.2952603781
606 606 38.9036434633
607 607 21.8095277065
608 608 25.2512275968
609 609 36.1431296434
610 610 33.5124846234
611 611 28.4960481113
612 612 24.2963543241
613 613 35.4262677351
614 614 36.549940394
615 615 15.0334775383
616 616 21.7684167905
617 617 40.9089197111
618 618 41.066357888
619 619 22.9348868876
620 620 22.9742471281
621 621 26.5112426394
622 622 25.38031997
623 623 21.9108735506
624 624 31.9588326908
625 625 33.2354128691
626 626 33.0618332721
627 627 41.8912593896
628 628 45.7996039923
629 629 19.800609964
630 630 24.6037946094
631 631 21.8938893312
632 632 29.3517135367
633 633 27.9693531622
634 634 25.8240188838
635 635 15.8455549375
636 636 20.5418248625
637 637 29.0243064025
638 638 27.8048352935
639 639 27.8601197711
640 640 27.1412362714
641 641 25.9580647524
642 642 25.8065188466
643 643 24.7895719026
644 644 26.6792391274
645 645 23.4864714042
646 646 30.0457836952
647 647 24.9372183231
648 648 25.1221814529
649 649 22.4910340005
650 650 23.3842386385
651 651 27.0457065016
652 652 28.2956573054
653 653 30.0142232382
654 654 41.244108539
655 655 29.1544210648
656 656 41.5509117715
657 657 33.5038245135
658 658 33.6998696173
659 659 23.5365302957
660 660 41.3930429939
661 661 34.2862334385
662 662 41.6191758219
663 663 20.6271589977
664 664 22.0671396877
665 665 32.0015369905
666 666 40.6014096947
667 667 22.8052950405
668 668 32.6241965082
669 669 20.1531712414
670 670 26.4711748077
671 671 28.8355122093
672 672 29.1688434299
673 673 24.2582095473
674 674 23.8372735924
675 675 26.2956501429
676 676 24.936597335
677 677 22.3772682804
678 678 25.36539414
679 679 33.6619942186
680 680 34.5450213792
681 681 14.081193498
682 682 26.7274272365
683 683 21.3427747658
684 684 21.2826195946
685 685 33.9534663989
686 686 12.4808712986
687 687 18.8594358917
688 688 12.1593033642
689 689 19.8450910866
690 690 43.0841428619
691 691 34.5046278424
692 692 14.963624834
693 693 16.6195740944
694 694 23.1731248067
695 695 19.1919311884
696 696 21.5220246074
697 697 23.6898734684
698 698 35.4752942769
699 699 23.6882195065
700 700 29.4104559905
701 701 26.2476214612
702 702 31.2228955501
703 703 31.7927636973
704 704 15.6714136275
705 705 25.2183529438
706 706 29.1100975906
707 707 22.758896541
708 708 18.7505060863
709 709 17.7721214121
710 710 16.1735362699
711 711 16.6994491551
712 712 16.9603557807
713 713 18.1600248566
714 714 16.4921422874
715 715 22.6891739939
716 716 15.2935875174
717 717 21.3995387228
718 718 22.4962362686
719 719 18.1170906202
720 720 20.9041534038
721 721 17.620774633
722 722 18.9263085768
723 723 20.0664539108
724 724 19.3037179288
725 725 17.4466948367
726 726 25.1396185521
727 727 17.5004621874
728 728 23.7781995085
729 729 24.0386164969
730 730 21.4673321842
731 731 22.8511126994
732 732 16.5791914088
733 733 15.5682685637
734 734 19.6505331611
735 735 29.3070519784
736 736 18.2669209815
737 737 21.0423868615
738 738 27.4311721704
739 739 24.2801402851
740 740 18.9474618349
741 741 19.8853345875
742 742 23.7461472361
743 743 22.94509034
744 744 18.2566844327
745 745 20.3573300059
746 746 23.6791861315
747 747 22.6586227494
748 748 15.2122835104
749 749 22.2692892042
750 750 21.5197028269
751 751 21.9449970555
752 752 22.2590025553
753 753 20.2246837471
754 754 18.054319374
755 755 16.7823656748
756 756 17.3030320583
757 757 14.5963505117
758 758 19.3462308382
759 759 20.9980058399
760 760 25.3391200458
761 761 22.2272733313
762 762 12.2611196417
763 763 18.7483914898
764 764 22.6055428903
765 765 20.1881527239
766 766 11.5653119554
767 767 16.3520670594
768 768 11.3470119776
769 769 12.9804788582
770 770 24.7481903075
771 771 25.507487005
772 772 15.9588635523
773 773 14.7379113533
774 774 23.8465195608
775 775 19.4548613522
776 776 20.6883395611
777 777 24.4633040956
778 778 37.0921188141
779 779 34.7209539713
780 780 17.8277343259
781 781 27.7348739619
782 782 21.9699035691
783 783 30.9606562185
784 784 13.5832210279
785 785 16.0438305694
786 786 19.7748717544
787 787 20.6675275129
788 788 19.1857098697
789 789 20.1969513122
790 790 20.7982861576
791 791 20.9739925589
792 792 15.2033954779
793 793 19.2476894438
794 794 17.7078919947
795 795 20.1278781536
796 796 16.1062656152
797 797 23.0860000307
798 798 18.3221517162
799 799 16.0913449525
800 800 20.1686729027
801 801 17.4794706666
802 802 16.3778749483
803 803 15.9106058328
804 804 19.104106956
805 805 14.8904003051
806 806 22.0952558612
807 807 15.9953776036
808 808 25.0006362338
809 809 19.2768675242
810 810 17.6989818024
811 811 24.6619343903
812 812 16.180842733
813 813 17.5090275851
814 814 18.5348140706
815 815 25.9790307435
816 816 20.0049711379
817 817 25.3306518856
818 818 32.4020864376
819 819 21.8398240063
820 820 20.6662788065
821 821 24.4990463827
822 822 22.3150245651
823 823 22.506021915
824 824 19.0022707516
825 825 20.6131247299
826 826 24.0189848471
827 827 23.8261927028
828 828 16.1339674173
829 829 28.6355418721
830 830 24.5906024308
831 831 28.1330150634
832 832 18.6965033734
833 833 17.1751879745
834 834 16.0020288531
835 835 17.5681356041
836 836 17.2415648224
837 837 14.8868361333
838 838 15.4263243168
839 839 23.8432208375
840 840 22.0547720606
841 841 21.9115084275
842 842 17.5084456895
843 843 24.7191169738
844 844 19.6579954017
845 845 23.7384121384
846 846 25.9265533032
847 847 54.6206970989
848 848 14.7968791159
849 849 16.219410892
850 850 11.9341228905
851 851 34.5682328492
852 852 33.2058227422
853 853 22.4330392292
854 854 20.6172477818
855 855 11.8153165212
856 856 11.7907173107
857 857 14.9883615371
858 858 13.6676463098
859 859 17.2624437146
860 860 16.0251156157
861 861 15.8463039228
862 862 16.2141552369
863 863 32.110440042
864 864 22.1785509675
865 865 17.8159359901
866 866 14.9338005502
867 867 22.3216489069
868 868 18.3062117944
869 869 11.8342109925
870 870 12.3141481205
871 871 15.4249370313
872 872 19.9441673987
873 873 15.5572913857
874 874 15.2291673858
875 875 15.5181219154
876 876 15.0465108102
877 877 19.8361278344
878 878 24.7025112064
879 879 18.5439847317
880 880 25.2860310981
881 881 22.7438943433
882 882 26.2529925413
883 883 18.3166046528
884 884 29.8973195977
885 885 19.6162599401
886 886 24.2615863059
887 887 18.2297098415
888 888 16.4039105667
889 889 18.6922975479
890 890 18.1234188664
891 891 37.7236154426
892 892 28.4169939046
893 893 20.4938125919
894 894 24.5144080802
895 895 18.473328536
896 896 18.1400340865
897 897 26.16600134
898 898 30.0406624219
899 899 21.8489301544
900 900 19.074012777
901 901 21.1437240776
902 902 22.2923661093
903 903 19.9732609199
904 904 16.668657058
905 905 17.4849923762
906 906 12.0335515321
907 907 25.8368328697
908 908 13.0812952198
909 909 15.1600672465
910 910 14.3137903791
911 911 15.3970480469
912 912 16.0651936443
913 913 27.2321749102
914 914 26.4661285672
915 915 22.8843014852
916 916 26.2168715136
917 917 10.9461723715
918 918 11.0174312349
919 919 17.8437231123
920 920 16.9788237509
921 921 8.02064672046
922 922 10.6121448069
923 923 13.1333131092
924 924 13.8616078502
925 925 33.8650815278
926 926 47.4122430671
927 927 24.9553006635
928 928 28.9925501275
929 929 28.2057778142
930 930 31.5795471593
931 931 37.9086243558
932 932 34.1645209892
933 933 12.8827120393
934 934 15.5236009384
935 935 28.0976592327
936 936 28.0450542296
937 937 20.9328696479
938 938 21.1183374734
939 939 24.3698508074
940 940 23.9909616323
941 941 25.8408438366
942 942 38.7349318741
943 943 24.2638704543
944 944 24.8769657049
945 945 33.8794497177
946 946 32.8102705871
947 947 16.2581190645
948 948 18.4282853981
949 949 20.6717985481
950 950 29.6966582307
951 951 26.4748377912
952 952 22.8089734042
953 953 16.1682743542
954 954 17.3415540873
955 955 26.1857045908
956 956 30.1148330959
957 957 27.8812631352
958 958 24.2709184197
959 959 24.0921202988
960 960 24.6069231875
961 961 21.7841743915
962 962 27.3450454204
963 963 23.5955931884
964 964 25.096453787
965 965 21.4448343048
966 966 19.4571235951
967 967 22.2849853785
968 968 21.771246353
969 969 29.0288455063
970 970 27.8834731998
971 971 26.4668006355
972 972 31.3124452633
973 973 21.4046428276
974 974 25.4104939954
975 975 33.4365445026
976 976 32.6810668077
977 977 22.4921021156
978 978 34.7438491932
979 979 29.6268078977
980 980 34.4835600841
981 981 18.2305022237
982 982 19.8392089112
983 983 19.4010063473
984 984 24.1007914704
985 985 30.4690673786
986 986 25.2516350076
987 987 22.5692015287
988 988 22.0650276289
989 989 21.7293312339
990 990 27.5464116175
991 991 28.4310235883
992 992 32.237048822
993 993 32.1293565968
994 994 36.5350034044
995 995 19.2024332915
996 996 26.3431338002
997 997 32.3729815984
998 998 34.673257096
999 999 10.6330265027
1000 1000 15.359654837
1001 1001 19.9884126052
1002 1002 20.5377963827
1003 1003 16.563593823
1004 1004 21.8230619563
1005 1005 13.5606949264
1006 1006 30.9275296222
1007 1007 32.8108989918
1008 1008 22.8306694801
1009 1009 19.2899020846
1010 1010 11.6220478075
1011 1011 13.6016760327
1012 1012 19.573916219
1013 1013 16.8477666536
1014 1014 15.6428563392
1015 1015 15.419184879
1016 1016 18.1355410077
1017 1017 18.6339439775
1018 1018 31.9064581922
1019 1019 24.2099040725
1020 1020 23.3261071684
1021 1021 18.8012606202
1022 1022 21.9187889059
1023 1023 19.0223454468
1024 1024 13.0967666351
1025 1025 14.8873136639
1026 1026 20.2918614672
1027 1027 23.132510731
1028 1028 19.1020393508
1029 1029 15.9424406854
1030 1030 13.4632703241
1031 1031 12.9621515664
1032 1032 17.8441071104
1033 1033 23.3185733256
1034 1034 17.9961768631
1035 1035 21.7673449323
1036 1036 20.7948303426
1037 1037 21.3854618807
1038 1038 16.1442023502
1039 1039 24.7560402648
1040 1040 18.3837527255
1041 1041 25.3574170343
1042 1042 19.7587574548
1043 1043 14.5294324074
1044 1044 18.3402044516
1045 1045 15.0790781601
1046 1046 27.9757551465
1047 1047 24.2021093884
1048 1048 18.8109813894
1049 1049 21.8791897335
1050 1050 19.7105686704
1051 1051 19.7825587455
1052 1052 28.1962070077
1053 1053 34.5396451427
1054 1054 21.9273527996
1055 1055 24.8168788062
1056 1056 22.5740637715
1057 1057 24.3384304049
1058 1058 15.4053183942
1059 1059 14.5272172793
1060 1060 19.2286866462
1061 1061 13.5989690613
1062 1062 27.4667780464
1063 1063 13.7393816512
1064 1064 16.1132369251
1065 1065 14.8344679717
1066 1066 16.0306467434
1067 1067 18.009845395
1068 1068 29.8853033923
1069 1069 32.0804829537
1070 1070 23.799573948
1071 1071 32.1084930211
1072 1072 10.9892493035
1073 1073 12.0759733056
1074 1074 18.571059188
1075 1075 21.7408443922
1076 1076 8.05501016127
1077 1077 10.0058068389
1078 1078 12.2774111508
1079 1079 12.4952438618
1080 1080 20.3592825479
1081 1081 28.9716982027
1082 1082 19.5764934497
1083 1083 22.1923157066
1084 1084 22.599777467
1085 1085 21.5708748662
1086 1086 12.5689448442
1087 1087 12.5550158224
1088 1088 23.2890724203
1089 1089 22.6518307959
1090 1090 23.4026238311
1091 1091 20.1886574941
1092 1092 21.3434801141
1093 1093 17.672678368
1094 1094 17.390443433
1095 1095 32.3576298435
1096 1096 17.3723496464
1097 1097 19.5060003904
1098 1098 22.5942461301
1099 1099 22.2266434119
1100 1100 15.367154071
1101 1101 17.9417820108
1102 1102 19.9156716475
1103 1103 24.7652410095
1104 1104 25.1643891965
1105 1105 21.4780201896
1106 1106 14.8375896423
1107 1107 15.8619935272
1108 1108 24.3916809641
1109 1109 23.9282334124
1110 1110 26.6807094896
1111 1111 19.0846108764
1112 1112 21.607213889
1113 1113 20.217929071
1114 1114 19.211844426
1115 1115 23.0336536207
1116 1116 22.135141033
1117 1117 23.4964223129
1118 1118 21.8530158258
1119 1119 19.2178952113
1120 1120 22.3296853192
1121 1121 17.4852526212
1122 1122 21.8383671363
1123 1123 21.7766773422
1124 1124 23.2430175038
1125 1125 28.2898989925
1126 1126 22.3770605863
1127 1127 24.2319332501
1128 1128 21.1884433076
1129 1129 22.2902803651
1130 1130 20.9446668385
1131 1131 19.1075623058
1132 1132 21.9562279821
1133 1133 23.5028359664
1134 1134 17.2721729706
1135 1135 18.1275767192
1136 1136 17.3798953245
1137 1137 19.5644545759
1138 1138 15.7948240911
1139 1139 22.2750166204
1140 1140 18.9676647931
1141 1141 16.6068579312
1142 1142 20.3636612343
1143 1143 23.1242921079
1144 1144 25.1544492682
1145 1145 25.0382310754
1146 1146 23.6126648319
1147 1147 26.0663323009
1148 1148 20.2563520986
1149 1149 23.3288247091
1150 1150 25.1170676842
1151 1151 23.3229541162
1152 1152 11.0786528192
1153 1153 14.1550102586
1154 1154 17.3314627781
1155 1155 16.7200150575
1156 1156 52.2940312941
1157 1157 25.005179947
1158 1158 26.8270400829
1159 1159 23.4309404475
1160 1160 20.331352831
1161 1161 17.568295441
1162 1162 19.3525967422
1163 1163 37.8772047168
1164 1164 35.3289084948
1165 1165 33.7873866989
1166 1166 33.0604513099
1167 1167 37.4659547751
1168 1168 33.8692335195
1169 1169 28.6509024935
1170 1170 39.322213087
1171 1171 45.0385326678
1172 1172 38.6099133164
1173 1173 23.5937941737
1174 1174 22.284988353
1175 1175 16.2082394316
1176 1176 20.0410871818
1177 1177 26.5322297787
1178 1178 23.5005213738
1179 1179 20.887429251
1180 1180 24.050126817
1181 1181 16.5667173708
1182 1182 17.9241162569
1183 1183 24.7889479987
1184 1184 20.5638424253
1185 1185 19.8586483941
1186 1186 17.8431110135
1187 1187 19.0638972704
1188 1188 24.0161526855
1189 1189 16.2008325058
1190 1190 19.4059603955
1191 1191 22.4515359161
1192 1192 22.8389952815
1193 1193 23.0700242385
1194 1194 27.3827349129
1195 1195 18.7726760062
1196 1196 27.1189477414
1197 1197 20.6362192147
1198 1198 22.7823612581
1199 1199 21.5303891667
1200 1200 27.0907938533
1201 1201 19.9560051166
1202 1202 19.7157409847
1203 1203 28.2192592284
1204 1204 23.5848629651
1205 1205 28.5332842692
1206 1206 26.0733592677
1207 1207 24.7185950469
1208 1208 24.2995128752
1209 1209 16.8330438564
1210 1210 17.7204923733
1211 1211 22.1376282227
1212 1212 20.2299335205
1213 1213 24.7412314475
1214 1214 20.6292011794
1215 1215 16.4333873605
1216 1216 20.9878428581
1217 1217 20.1269786044
1218 1218 20.9887542058
1219 1219 27.2783909115
1220 1220 28.4370362319
1221 1221 25.6980849219
1222 1222 24.7088373383
1223 1223 24.9985852465
1224 1224 23.8643913269
1225 1225 44.2352393649
1226 1226 35.0564448422
1227 1227 11.8710721642
1228 1228 14.0270055128
1229 1229 23.9935383953
1230 1230 26.1152782795
1231 1231 18.7740955779
1232 1232 20.6253086346
1233 1233 18.8405551679
1234 1234 20.8691370787
1235 1235 20.518251927
1236 1236 15.6394269039
1237 1237 27.828471287
1238 1238 38.5311779767
1239 1239 32.9083269481
1240 1240 38.3215576355
1241 1241 29.7785226722
1242 1242 29.7700925034
1243 1243 17.1211059797
1244 1244 36.0901035071
1245 1245 29.6342057111
1246 1246 31.8592694526
1247 1247 19.8187922761
1248 1248 22.5271645805
1249 1249 16.0994415202
1250 1250 18.8807774619
1251 1251 27.3039381584
1252 1252 26.20225765
1253 1253 24.803218655
1254 1254 26.3294051577
1255 1255 20.3077331
1256 1256 19.735582742
1257 1257 25.7286485784
1258 1258 20.0912379284
1259 1259 19.6370109842
1260 1260 15.0074443701
1261 1261 17.4672530072
1262 1262 21.2800897671
1263 1263 15.6593220291
1264 1264 15.881228847
1265 1265 22.1654276826
1266 1266 18.2016797733
1267 1267 20.2104046622
1268 1268 22.0806344459
1269 1269 18.2303922037
1270 1270 25.314197643
1271 1271 16.1509577538
1272 1272 19.5893783358
1273 1273 16.4023905361
1274 1274 20.5924119887
1275 1275 16.511419504
1276 1276 23.0059186119
1277 1277 25.4732367755
1278 1278 23.3903797717
1279 1279 26.41297589
1280 1280 28.3006651563
1281 1281 21.3677311902
1282 1282 21.3677105181
1283 1283 14.4364611062
1284 1284 14.4832379696
1285 1285 25.7292064721
1286 1286 27.7728317584
1287 1287 18.1240608344
1288 1288 20.1261073863
1289 1289 21.3068331856
1290 1290 19.1839920396
1291 1291 28.5888880104
1292 1292 24.6813210876
1293 1293 26.230426886
1294 1294 22.4941287234
1295 1295 23.2723275115
1296 1296 21.4199268078
1297 1297 30.5397657275
1298 1298 38.6878621177
1299 1299 38.844514909
1300 1300 30.0092634003
1301 1301 17.0177845561
1302 1302 14.8135765451
1303 1303 22.7384014359
1304 1304 23.0200523323
1305 1305 51.9578703381
1306 1306 29.0653315251
1307 1307 23.640977204
1308 1308 13.0753704973
1309 1309 13.6673292507
1310 1310 19.930547322
1311 1311 22.473421473
1312 1312 23.150400792
1313 1313 20.7832738749
1314 1314 21.278854368
1315 1315 20.3280086241
1316 1316 56.5926508369
1317 1317 35.4817285768
1318 1318 25.6050741514
1319 1319 27.7522565388
1320 1320 33.948793221
1321 1321 30.6359816477
1322 1322 16.304537182
1323 1323 14.2834063357
1324 1324 23.0102664361
1325 1325 22.8828051084
1326 1326 22.2199523478
1327 1327 28.3081246791
1328 1328 21.6249197123
1329 1329 15.304872177
1330 1330 26.7309663417
1331 1331 34.6822036218
1332 1332 27.8608875236
1333 1333 31.0141030381
1334 1334 31.5178148697
1335 1335 40.5747181192
1336 1336 22.1213365756
1337 1337 31.7574282423
1338 1338 26.7473872578
1339 1339 30.6760482264
1340 1340 23.7075399061
1341 1341 19.594672343
1342 1342 24.5860683845
1343 1343 28.1634744695
1344 1344 57.6100567211
1345 1345 40.7667545206
1346 1346 25.7855630622
1347 1347 28.3989817191
1348 1348 20.5634932708
1349 1349 21.541742062
1350 1350 27.3040501776
1351 1351 36.7225303524
1352 1352 21.0194201072
1353 1353 21.1703246053
1354 1354 31.2319956072
1355 1355 30.6173757899
1356 1356 19.9916078985
1357 1357 20.9033066149
1358 1358 16.8427396647
1359 1359 16.9926477895
1360 1360 27.674949879
1361 1361 22.0030644839
1362 1362 16.416195417
1363 1363 20.8280902632
1364 1364 16.0397804515
1365 1365 21.2535627131
1366 1366 50.9702144745
1367 1367 43.851469909
1368 1368 48.5216531492
1369 1369 44.1513252853
1370 1370 17.7515773818
1371 1371 18.6127433854
1372 1372 32.6376367039
1373 1373 27.0812000265
1374 1374 8.95841601362
1375 1375 16.4243367526
1376 1376 16.7930786591
1377 1377 18.1973004871
1378 1378 30.4299030953
1379 1379 26.4743364704
1380 1380 13.9762592399
1381 1381 17.1063715898
1382 1382 25.9000686497
1383 1383 24.8951605333
1384 1384 27.0516992271
1385 1385 23.6885496827
1386 1386 29.9893816793
1387 1387 25.6492524693
1388 1388 51.4745688974
1389 1389 47.7699797649
1390 1390 29.2854004964
1391 1391 30.522117221
1392 1392 31.6036624167
1393 1393 28.0994001899
1394 1394 16.870110157
1395 1395 15.9873899563
1396 1396 22.6523380501
1397 1397 29.1545065379
1398 1398 19.1510212517
1399 1399 20.8727901724
1400 1400 18.7146397042
1401 1401 17.0014942231
1402 1402 21.9973174546
1403 1403 26.2001920298
1404 1404 24.4708261658
1405 1405 25.6235439504
1406 1406 26.1844051754
1407 1407 29.6032469326
1408 1408 20.0154927569
1409 1409 31.8726802418
1410 1410 27.347157394
1411 1411 29.9757728255
1412 1412 23.4121298718
1413 1413 22.6884439216
1414 1414 24.7615765195
1415 1415 22.2855250603
1416 1416 50.2891632887
1417 1417 42.8328271482
1418 1418 24.1007530043
1419 1419 25.4983218583
1420 1420 23.5758058315
1421 1421 22.4330028283
1422 1422 35.1805844413
1423 1423 45.9124763673
1424 1424 25.112852286
1425 1425 24.7326037637
1426 1426 26.7842191015
1427 1427 25.881343209
1428 1428 20.2590466742
1429 1429 23.0047582289
1430 1430 17.2337227062
1431 1431 17.5094052027
1432 1432 28.5051142208
1433 1433 26.2219176066
1434 1434 16.2320214659
1435 1435 18.8444965245
1436 1436 16.1641926191
1437 1437 22.1557717309
1438 1438 41.7793825384
1439 1439 57.9457893006
1440 1440 57.1156601022
1441 1441 64.2581509616
1442 1442 17.2450188959
1443 1443 25.820527222
1444 1444 38.7807755601
1445 1445 30.8173631692
1446 1446 9.56278269872
1447 1447 15.8806043596
1448 1448 15.4628509419
1449 1449 19.2555324408
1450 1450 67.1689996071
1451 1451 18.2607455509
1452 1452 22.1362557711
1453 1453 24.0993899803
1454 1454 21.5986098262
1455 1455 23.25677684
1456 1456 21.8496042693
1457 1457 27.0570683032
1458 1458 35.1776888211
1459 1459 23.109417504
1460 1460 25.8338927378
1461 1461 27.0001750053
1462 1462 24.7731246103
1463 1463 42.8132485832
1464 1464 42.5080738343
1465 1465 24.7840638046
1466 1466 24.2781039944
1467 1467 19.5062575112
1468 1468 20.2049763452
1469 1469 22.9596115708
1470 1470 18.5897457231
1471 1471 21.8771960459
1472 1472 22.323874193
1473 1473 32.4874276457
1474 1474 28.0022792029
1475 1475 30.7458014133
1476 1476 31.0046540672
1477 1477 32.5103816492
1478 1478 29.9144556781
1479 1479 26.2164722018
1480 1480 32.9836512397
1481 1481 24.6616643375
1482 1482 28.4169175273
1483 1483 37.5875427563
1484 1484 31.8988300748
1485 1485 33.3915085797
1486 1486 29.912094749
1487 1487 49.4720012454
1488 1488 46.2943848225
1489 1489 45.0359153569
1490 1490 50.7667806329
1491 1491 31.6919655078
1492 1492 30.3036015402
1493 1493 40.5912108641
1494 1494 38.900896514
1495 1495 20.0062793863
1496 1496 18.3766675356
1497 1497 46.3156640735
1498 1498 45.3673193303
1499 1499 45.3234168392
1500 1500 40.6057690642
1501 1501 38.7156094179
1502 1502 28.196359817
1503 1503 25.978176109
1504 1504 27.2609691315
1505 1505 23.1552848981
1506 1506 32.2829416296
1507 1507 33.4022818848
1508 1508 32.8498106418
1509 1509 23.0295877955
1510 1510 21.2411120722
1511 1511 34.9083169142
1512 1512 27.8063645418
1513 1513 20.6696472822
1514 1514 21.5474349644
1515 1515 29.7111995422
1516 1516 36.2721387207
1517 1517 18.3968980029
1518 1518 17.5365659241
1519 1519 23.9589874854
1520 1520 25.338748261
1521 1521 17.8385506608
1522 1522 20.1227004379
1523 1523 22.7080738422
1524 1524 25.8264311367
1525 1525 25.0188195308
1526 1526 22.9118579908
1527 1527 24.3876180852
1528 1528 24.181796077
1529 1529 20.934541395
1530 1530 24.434848448
1531 1531 24.2990028894
1532 1532 27.7163765056
1533 1533 38.0183894968
1534 1534 43.2156006203
1535 1535 24.5266905889
1536 1536 23.8209138875
1537 1537 18.8447249402
1538 1538 17.5690155878
1539 1539 21.1942694619
1540 1540 18.4383966118
1541 1541 19.8576725739
1542 1542 15.7040811231
1543 1543 33.5806293749
1544 1544 30.6773161079
1545 1545 31.4323312449
1546 1546 32.1114254725
1547 1547 33.1653410876
1548 1548 28.3349923925
1549 1549 32.0175842341
1550 1550 31.9323167915
1551 1551 24.8508262736
1552 1552 26.1880847676
1553 1553 34.0844777368
1554 1554 27.5119798885
1555 1555 26.9856644691
1556 1556 22.5508862253
1557 1557 39.4609415128
1558 1558 40.9814093423
1559 1559 34.9320628701
1560 1560 35.129654113
1561 1561 22.4550091185
1562 1562 27.4305770177
1563 1563 25.1645149318
1564 1564 27.9213958878
1565 1565 19.0731654505
1566 1566 18.2252679701
1567 1567 35.4038943468
1568 1568 39.7050884382
1569 1569 49.5530825269
1570 1570 49.4481347873
1571 1571 39.9501928765
1572 1572 26.2562562712
1573 1573 26.117241465
1574 1574 24.0088909576
1575 1575 25.6542451194
1576 1576 27.9100552058
1577 1577 29.7881836188
1578 1578 28.1232779863
1579 1579 22.0152479069
1580 1580 20.5172379237
1581 1581 28.3886889392
1582 1582 24.8477926093
1583 1583 21.6894185422
1584 1584 19.0357175979
1585 1585 25.0752513673
1586 1586 28.5591177153
1587 1587 17.2788315427
1588 1588 17.1280101136
1589 1589 19.2222812416
1590 1590 19.5849686454
1591 1591 31.9452390594
1592 1592 20.5619017816
1593 1593 19.4017697487
1594 1594 20.2421220112
1595 1595 17.2339582567
1596 1596 35.7737896524
1597 1597 23.7467403143
1598 1598 12.9701122765
1599 1599 12.2504613741
1600 1600 17.9186070846
1601 1601 15.9290623127
1602 1602 12.5042749308
1603 1603 13.3229976282
1604 1604 11.1375793244
1605 1605 12.6914592988
1606 1606 15.6048914249
1607 1607 15.9983218518
1608 1608 16.2677732724
1609 1609 25.3431223391
1610 1610 16.6967888346
1611 1611 15.3128880845
1612 1612 16.7469523037
1613 1613 14.4476308409
1614 1614 14.6797142427
1615 1615 13.1016777558
1616 1616 15.9656758011
1617 1617 16.3207207476
1618 1618 11.6081714404
1619 1619 12.7659518299
1620 1620 14.2125589021
1621 1621 12.3003521634
1622 1622 23.7906563481
1623 1623 26.8162487237
1624 1624 17.3860093949
1625 1625 24.9653046796
1626 1626 12.1412841847
1627 1627 15.3102140516
1628 1628 13.0748939636
1629 1629 16.4973831985
1630 1630 10.6976444169
1631 1631 11.0460609675
1632 1632 13.8921250065
1633 1633 11.2477546742
1634 1634 14.1390555982
1635 1635 14.664040615
1636 1636 17.1437246196
1637 1637 17.6549728654
1638 1638 17.1209220464
1639 1639 21.1289667362
1640 1640 19.4891296928
1641 1641 13.4421089724
1642 1642 11.2576199448
1643 1643 9.28811267588
1644 1644 10.4036584299
1645 1645 10.043372078
1646 1646 13.0023520183
1647 1647 13.2959769952
1648 1648 15.6039978505
1649 1649 15.3065658566
1650 1650 13.4081296723
1651 1651 14.1153787944
1652 1652 13.223709829
1653 1653 11.5469306337
1654 1654 21.796820792
1655 1655 17.5699979074
1656 1656 12.3150940427
1657 1657 11.5162748748
1658 1658 31.0722240642
1659 1659 26.6926113272
1660 1660 24.5508465109
1661 1661 21.5474174078
1662 1662 19.3718359315
1663 1663 15.3866378464
1664 1664 27.0102691207
1665 1665 28.2674497758
1666 1666 12.1260303695
1667 1667 14.0482988507
1668 1668 19.2542972485
1669 1669 15.8610607648
1670 1670 16.9604483614
1671 1671 18.3709922356
1672 1672 14.8155449053
1673 1673 16.0261660853
1674 1674 17.2144998018
1675 1675 17.2567306312
1676 1676 19.5455844179
1677 1677 19.2700799302
1678 1678 16.5985789696
1679 1679 14.9246412931
1680 1680 17.2584775027
1681 1681 15.220382451
1682 1682 16.4087975306
1683 1683 15.4512340079
1684 1684 15.4283935614
1685 1685 14.4250955104
1686 1686 13.6530178627
1687 1687 15.7385127025
1688 1688 16.0774805209
1689 1689 14.5716803834
1690 1690 22.7162351517
1691 1691 23.1725707501
1692 1692 19.0291009415
1693 1693 20.0559484176
1694 1694 12.8236725429
1695 1695 17.3943744907
1696 1696 14.4726388001
1697 1697 18.6112345406
1698 1698 13.1591050957
1699 1699 14.5202005149
1700 1700 18.9851109255
1701 1701 15.9447289386
1702 1702 17.5723536255
1703 1703 18.3046316495
1704 1704 21.6922726907
1705 1705 22.7935700102
1706 1706 17.4729196964
1707 1707 20.2341475234
1708 1708 21.4286083249
1709 1709 17.5073468229
1710 1710 12.1872279055
1711 1711 11.0576634159
1712 1712 14.0753110115
1713 1713 12.4093738533
1714 1714 16.8503157914
1715 1715 18.1066540322
1716 1716 15.6591391539
1717 1717 16.1746768644
1718 1718 14.0851513131
1719 1719 13.5728881364
1720 1720 12.5010557768
1721 1721 12.2985923364
1722 1722 22.1313413667
1723 1723 16.9823695709
1724 1724 15.1109015657
1725 1725 13.1286756947
1726 1726 27.3072881121
1727 1727 22.0358493179
1728 1728 73.7002705875
1729 1729 47.2894356405
1730 1730 35.968208158
1731 1731 28.1538511001
1732 1732 24.4722664765
1733 1733 20.635481509
1734 1734 25.0066227841
1735 1735 48.4195537903
1736 1736 43.8356191561
1737 1737 25.0883889079
1738 1738 25.9506244268
1739 1739 20.8428772472
1740 1740 20.3979137989
1741 1741 18.0779101394
1742 1742 23.1434976834
1743 1743 24.1228718291
1744 1744 20.5926681279
1745 1745 17.517867047
1746 1746 19.4077443587
1747 1747 23.5481579972
1748 1748 20.4099470009
1749 1749 28.915722392
1750 1750 22.186236382
1751 1751 19.1088306343
1752 1752 19.1980735936
1753 1753 23.4449009556
1754 1754 21.2607237454
1755 1755 23.5634483053
1756 1756 26.8782814176
1757 1757 21.4472227215
1758 1758 23.0845346892
1759 1759 18.0800735323
1760 1760 21.6414914862
1761 1761 15.346624398
1762 1762 18.9745271614
1763 1763 18.665505643
1764 1764 25.3912455032
1765 1765 24.7922823794
1766 1766 32.0671363413
1767 1767 28.1245528163
1768 1768 25.276712395
1769 1769 29.4873211285
1770 1770 33.3825736641
1771 1771 24.1341122984
1772 1772 21.8518084909
1773 1773 18.4235416342
1774 1774 21.3119650946
1775 1775 24.5092599316
1776 1776 31.9034122618
1777 1777 20.8016769277
1778 1778 26.2757922726
1779 1779 20.3235271126
1780 1780 21.9182097341
1781 1781 24.4344440487
1782 1782 23.2632470231
1783 1783 19.5367587471
1784 1784 20.4708236672
1785 1785 19.9176416229
1786 1786 18.3070961643
1787 1787 17.9348580913
1788 1788 20.252116129
1789 1789 25.0746595898
1790 1790 24.153212236
1791 1791 13.7703646558
1792 1792 19.1771878714
1793 1793 21.9197836126
1794 1794 23.3733375114
1795 1795 40.5349478476
1796 1796 37.2888589009
1797 1797 25.4047919134
1798 1798 20.8241478866
1799 1799 20.1971348032
1800 1800 25.5632595495
1801 1801 33.7557362552
1802 1802 32.4311744274
1803 1803 24.7709865077
1804 1804 27.4462991387
1805 1805 21.5660802924
1806 1806 21.9575612429
1807 1807 18.750282953
1808 1808 30.3643102607
1809 1809 29.0890331247
1810 1810 24.9215063969
1811 1811 16.6074553812
1812 1812 19.6343907725
1813 1813 25.3991027379
1814 1814 23.7932450883
1815 1815 29.3534676395
1816 1816 22.3708086974
1817 1817 26.4771122446
1818 1818 24.1823212889
1819 1819 26.7281331577
1820 1820 18.5788334508
1821 1821 25.7767053031
1822 1822 25.7619468164
1823 1823 23.7215084926
1824 1824 22.2565054563
1825 1825 20.0841739837
1826 1826 25.8556414263
1827 1827 15.698848003
1828 1828 18.7869206513
1829 1829 19.5592422892
1830 1830 22.2895124055
1831 1831 20.5682947793
1832 1832 31.0928908906
1833 1833 22.8537176332
1834 1834 21.7817571022
1835 1835 27.782987206
1836 1836 41.7233654713
1837 1837 26.2376175403
1838 1838 24.6133915438
1839 1839 18.7166588361
1840 1840 19.8658422634
1841 1841 26.153707454
1842 1842 32.2280081744
1843 1843 23.6285399073
1844 1844 27.8438109691
1845 1845 18.5470257858
1846 1846 23.6336579148
1847 1847 22.6825370271
1848 1848 23.2665019977
1849 1849 22.0329071929
1850 1850 19.6880226898
1851 1851 20.8775540104
1852 1852 21.2312384771
1853 1853 24.881342555
1854 1854 24.1467336865
1855 1855 26.3393088405
1856 1856 29.775487113
1857 1857 14.5527211237
1858 1858 19.7816378134
1859 1859 22.5047463541
1860 1860 24.8847911387
1861 1861 55.3735877917
1862 1862 21.6806671201
1863 1863 20.1361586002
1864 1864 18.6693271898
1865 1865 28.8104229848
1866 1866 39.7977409695
1867 1867 33.8472656538
1868 1868 24.0009714516
1869 1869 25.0683972307
1870 1870 22.6897171426
1871 1871 21.0796055059
1872 1872 19.1750912556
1873 1873 26.1471050041
1874 1874 20.2486809251
1875 1875 25.3623948435
1876 1876 21.5179171594
1877 1877 19.2970432845
1878 1878 25.3539216291
1879 1879 24.2466534544
1880 1880 26.4315294623
1881 1881 21.8898536355
1882 1882 20.8818921322
1883 1883 22.2447578036
1884 1884 24.2720338338
1885 1885 19.5842619173
1886 1886 27.6052385555
1887 1887 25.3447370995
1888 1888 25.7618248011
1889 1889 27.0469475734
1890 1890 18.2773917894
1891 1891 29.1763046557
1892 1892 20.5146433661
1893 1893 25.0815227335
1894 1894 23.0307832895
1895 1895 23.8142467429
1896 1896 22.3397262045
1897 1897 20.3963469481
1898 1898 25.3541244191
1899 1899 22.6478612963
1900 1900 31.9403870124
1901 1901 23.4615828523
1902 1902 35.6638943695
1903 1903 32.2311287766
1904 1904 25.8824226766
1905 1905 25.7267099384
1906 1906 25.2569452053
1907 1907 24.4005306883
1908 1908 17.0835394392
1909 1909 23.4555827769
1910 1910 21.2964245856
1911 1911 25.8037873005
1912 1912 24.824781041
1913 1913 22.5816420824
1914 1914 25.1087818261
1915 1915 24.1011331345
1916 1916 27.7292265266
1917 1917 24.7334332583
1918 1918 25.5782741234
1919 1919 26.0759707179
1920 1920 31.3143584145
1921 1921 27.7572083484
1922 1922 20.5055490187
1923 1923 20.5981350907
1924 1924 28.3986930595
1925 1925 25.7240888246
1926 1926 21.4731395214
1927 1927 25.4014593473
1928 1928 18.1103414085
1929 1929 22.6052242389
1930 1930 28.1926636374
1931 1931 30.2689198468
1932 1932 21.0953557203
1933 1933 24.6652193951
1934 1934 20.0301353178
1935 1935 21.6132130626
1936 1936 17.594672735
1937 1937 25.1352260996
1938 1938 19.2414961886
1939 1939 21.6893969412
1940 1940 18.8732763709
1941 1941 19.1394496293
1942 1942 25.670344028
1943 1943 24.086755776
1944 1944 29.4221919505
1945 1945 23.3356644254
1946 1946 21.9447784202
1947 1947 20.7103416155
1948 1948 24.2960030152
1949 1949 21.6778486537
1950 1950 25.2478209534
1951 1951 23.1992966614
1952 1952 23.9368348598
1953 1953 22.7447792657
1954 1954 22.4654453852
1955 1955 27.4280379264
1956 1956 17.6993871418
1957 1957 20.1955725409
1958 1958 20.7371136646
1959 1959 22.6027500603
1960 1960 19.6607552264
1961 1961 21.9346381434
1962 1962 23.3929594291
1963 1963 24.5689459774
1964 1964 24.5760147062
1965 1965 22.3987044189
1966 1966 29.53474461
1967 1967 28.8879276075
1968 1968 18.8038434933
1969 1969 19.862098916
1970 1970 23.4608258387
1971 1971 20.1121035757
1972 1972 15.3968773677
1973 1973 21.0146768108
1974 1974 19.6160483129
1975 1975 29.2345248855
1976 1976 23.8024695875
1977 1977 19.9391812119
1978 1978 22.1593759922
1979 1979 18.9546351054
1980 1980 22.3183841012
1981 1981 20.0763428936
1982 1982 20.4402715326
1983 1983 27.7864551249
1984 1984 24.9934427176
1985 1985 24.2240929342
1986 1986 16.1030195848
1987 1987 24.1856493
1988 1988 21.9351500051
1989 1989 22.7441451327
1990 1990 53.2074274844
1991 1991 18.0106816494
1992 1992 20.9622816379
1993 1993 27.8284533481
1994 1994 27.3099543875
1995 1995 18.7021047359
1996 1996 23.4820166793
1997 1997 16.6632331406
1998 1998 17.8100984583
1999 1999 15.3347393771
2000 2000 15.1192127057
2001 2001 14.3294171606
2002 2002 16.4874423842
2003 2003 17.1069466817
2004 2004 14.6446387007
2005 2005 28.6603515738
2006 2006 26.9180588376
2007 2007 27.6272316021
2008 2008 27.9192586374
2009 2009 25.3061979888
2010 2010 34.3288708077
2011 2011 23.1078627574
2012 2012 25.1858936269
2013 2013 24.5129270884
2014 2014 26.2425200151
2015 2015 32.9150847275
2016 2016 35.5994210284
2017 2017 21.6739624357
2018 2018 30.24406241
2019 2019 18.7876535051
2020 2020 26.2847307201
2021 2021 20.0515581063
2022 2022 24.3952234115
2023 2023 17.727556124
2024 2024 20.5465224266
2025 2025 22.2871544
2026 2026 26.0164399482
2027 2027 19.4392641359
2028 2028 24.5747835223
2029 2029 26.598055463
2030 2030 30.8114514126
2031 2031 20.7292759676
2032 2032 24.9592938152
2033 2033 26.5524069455
2034 2034 22.4314388935
2035 2035 19.2258991797
2036 2036 18.1840516724
2037 2037 18.7860816975
2038 2038 23.8203817781
2039 2039 19.5312892335
2040 2040 19.3199229373
2041 2041 19.8459689951
2042 2042 25.7836322219
2043 2043 19.5368774406
2044 2044 21.194372332
2045 2045 20.4951142374
2046 2046 17.9406321997
2047 2047 26.8584631976
2048 2048 23.0152287153
2049 2049 16.1381919382
2050 2050 15.1262481634
2051 2051 27.2179685448
2052 2052 30.0513335189
2053 2053 18.188034113
2054 2054 20.8906283809
2055 2055 24.8641164895
2056 2056 21.943553265
2057 2057 22.7971266816
2058 2058 23.6822403362
2059 2059 17.1470393873
2060 2060 17.6230869535
2061 2061 18.5726861654
2062 2062 14.7634992231
2063 2063 18.0867619209
2064 2064 17.6835749938
2065 2065 16.7382807596
2066 2066 14.2468135192
2067 2067 23.9220729645
2068 2068 20.4772863624
2069 2069 25.653863343
2070 2070 22.2973029874
2071 2071 21.8088521957
2072 2072 21.9894384294
2073 2073 25.1265612788
2074 2074 21.647395468
2075 2075 23.8899116877
2076 2076 24.9174917753
2077 2077 28.6020179431
2078 2078 29.2847018082
2079 2079 20.7142397715
2080 2080 29.0461989951
2081 2081 20.4433902104
2082 2082 24.2956794527
2083 2083 22.3539188328
2084 2084 28.8440124412
2085 2085 21.8691612564
2086 2086 21.3338005825
2087 2087 28.1776158949
2088 2088 24.7378988495
2089 2089 22.6840428797
2090 2090 23.8169256384
2091 2091 24.4024101272
2092 2092 25.9404897632
2093 2093 21.7813063202
2094 2094 26.307048151
2095 2095 34.39076779
2096 2096 23.3126819133
2097 2097 21.2184519375
2098 2098 18.7993316445
2099 2099 23.3080231457
2100 2100 25.4419419376
2101 2101 22.4113990776
2102 2102 21.4240220763
2103 2103 18.0152530478
2104 2104 22.1496394963
2105 2105 18.9764704765
2106 2106 18.0454502928
2107 2107 18.5443998106
2108 2108 21.3583039345
2109 2109 26.6762506198
2110 2110 23.1280923604
2111 2111 20.1629831623
2112 2112 23.8179252243
2113 2113 28.1648212428
2114 2114 36.4257967231
2115 2115 47.8328384641
2116 2116 30.3494013825
2117 2117 28.1447935885
2118 2118 30.7617071175
2119 2119 25.3888466716
2120 2120 15.0494897894
2121 2121 14.9011824938
2122 2122 26.7633393207
2123 2123 29.9969261682
2124 2124 20.5045655475
2125 2125 25.3146049886
2126 2126 21.8647854701
2127 2127 17.5113772666
2128 2128 24.8715610925
2129 2129 26.1202209825
2130 2130 22.9860421989
2131 2131 25.366650093
2132 2132 23.5665432375
2133 2133 27.3875909439
2134 2134 20.4857559281
2135 2135 25.823188644
2136 2136 24.4246829962
2137 2137 27.8290514051
2138 2138 23.8401475715
2139 2139 18.6570394908
2140 2140 24.5717810353
2141 2141 19.6784069163
2142 2142 31.3345134309
2143 2143 24.4856136689
2144 2144 23.4499307177
2145 2145 24.7807411767
2146 2146 20.1057632633
2147 2147 17.8506104728
2148 2148 35.6166810366
2149 2149 31.5201348365
2150 2150 24.1772897557
2151 2151 16.1486518815
2152 2152 23.3065117334
2153 2153 23.652272985
2154 2154 17.1130927474
2155 2155 15.7275594167
2156 2156 17.1997417885
2157 2157 14.484752224
2158 2158 35.3222675506
2159 2159 19.1941686519
2160 2160 15.2186813692
2161 2161 18.0062447831
2162 2162 16.7562511149
2163 2163 20.7215179347
2164 2164 47.14456062
2165 2165 44.9399217671
2166 2166 42.6802977637
2167 2167 40.1120964318
2168 2168 19.1276726199
2169 2169 21.6356592595
2170 2170 30.8759729697
2171 2171 24.5339911148
2172 2172 9.16411260067
2173 2173 13.7880013978
2174 2174 15.7930540742
2175 2175 16.21089023
2176 2176 36.3620944072
2177 2177 38.3439920973
2178 2178 32.8723982185
2179 2179 32.4952315782
2180 2180 16.1425250929
2181 2181 14.9948658335
2182 2182 25.0723510603
2183 2183 33.7527214956
2184 2184 23.2411440068
2185 2185 28.787204315
2186 2186 18.0892156978
2187 2187 16.3800599295
2188 2188 24.9995227988
2189 2189 25.8572626259
2190 2190 23.0432683525
2191 2191 26.4334871589
2192 2192 19.8940921667
2193 2193 25.1123233641
2194 2194 19.8774822439
2195 2195 29.6406482246
2196 2196 26.2593188747
2197 2197 30.5754464046
2198 2198 19.6090330635
2199 2199 25.7504502469
2200 2200 21.767328182
2201 2201 20.1798112517
2202 2202 31.4054295421
2203 2203 26.1240667139
2204 2204 25.223431889
2205 2205 23.4796831859
2206 2206 21.9912410818
2207 2207 21.1591138767
2208 2208 36.9896699444
2209 2209 32.0701051049
2210 2210 21.9604097546
2211 2211 20.9014163175
2212 2212 26.1819479048
2213 2213 25.9940778135
2214 2214 17.1840844014
2215 2215 16.906971253
2216 2216 17.8579204071
2217 2217 21.8153229244
2218 2218 30.8217784751
2219 2219 33.373315862
2220 2220 14.3962354063
2221 2221 19.2317760673
2222 2222 21.7529351703
2223 2223 24.8652019361
2224 2224 38.5685446441
2225 2225 41.1824212468
2226 2226 46.6217462572
2227 2227 34.8688181771
2228 2228 36.5585741096
2229 2229 34.3209537849
2230 2230 37.6031386759
2231 2231 28.7688621216
2232 2232 10.6295673578
2233 2233 12.4136499675
2234 2234 18.3357599827
2235 2235 19.5500752601
2236 2236 78.5198988453
2237 2237 37.1695364899
2238 2238 33.6532070752
2239 2239 16.3366465954
2240 2240 21.1384081675
2241 2241 25.0075887356
2242 2242 34.2092822105
2243 2243 21.435842952
2244 2244 25.0874015195
2245 2245 17.3666572388
2246 2246 23.9957020898
2247 2247 22.9315104062
2248 2248 19.0989061245
2249 2249 20.4094128957
2250 2250 16.7741190499
2251 2251 16.1908680096
2252 2252 17.3673709197
2253 2253 17.0198241327
2254 2254 17.1831860713
2255 2255 20.016206339
2256 2256 21.9886628688
2257 2257 19.414057903
2258 2258 24.9729657701
2259 2259 18.9257182986
2260 2260 21.809967601
2261 2261 23.4467248876
2262 2262 27.3564982125
2263 2263 23.126478886
2264 2264 29.6423101326
2265 2265 25.4721252299
2266 2266 24.9837192985
2267 2267 36.739545247
2268 2268 35.0346307949
2269 2269 26.5125361144
2270 2270 28.8072788507
2271 2271 25.7381862172
2272 2272 27.7978272029
2273 2273 16.9592622042
2274 2274 17.779281304
2275 2275 26.7273920359
2276 2276 29.1946789315
2277 2277 25.1363289027
2278 2278 28.7691806699
2279 2279 18.2907068788
2280 2280 22.1336248666
2281 2281 26.8291838425
2282 2282 23.6680494633
2283 2283 27.1397931008
2284 2284 29.5873646102
2285 2285 25.3287982488
2286 2286 22.5908392682
2287 2287 18.73255758
2288 2288 31.4259868713
2289 2289 34.404079488
2290 2290 27.0318163748
2291 2291 11.4889135502
2292 2292 18.6428874204
2293 2293 23.075322906
2294 2294 26.0449924698
2295 2295 34.0548048334
2296 2296 35.7008116412
2297 2297 14.863610298
2298 2298 19.9847958761
2299 2299 24.4782341875
2300 2300 39.8489394017
2301 2301 23.0989581051
2302 2302 24.8243173243
2303 2303 18.0760553901
2304 2304 22.7719348897
2305 2305 25.6946236867
2306 2306 20.7713376464
2307 2307 22.7440456861
2308 2308 18.1571459816
2309 2309 18.7230525233
2310 2310 18.6751679958
2311 2311 17.8358913894
2312 2312 17.4708894062
2313 2313 18.4494889899
2314 2314 21.615144005
2315 2315 17.280753047
2316 2316 21.4668922228
2317 2317 21.0675219056
2318 2318 21.6962566196
2319 2319 24.2866367647
2320 2320 27.7824041291
2321 2321 22.2985175941
2322 2322 25.3310188573
2323 2323 22.4601006318
2324 2324 21.8500924272
2325 2325 29.1549905771
2326 2326 29.2138237625
2327 2327 24.4278277245
2328 2328 25.5021329563
2329 2329 25.7254708737
2330 2330 28.0374957094
2331 2331 15.0233855506
2332 2332 16.4122634102
2333 2333 25.3014050137
2334 2334 34.5790583879
2335 2335 25.6059738002
2336 2336 28.171819566
2337 2337 19.0486524025
2338 2338 20.5834438372
2339 2339 26.8801729783
2340 2340 27.2763621792
2341 2341 27.2327281025
2342 2342 29.793657607
2343 2343 24.0869216368
2344 2344 23.4164059847
2345 2345 22.2771264906
2346 2346 31.9740205915
2347 2347 26.8575754054
2348 2348 25.8713054809
2349 2349 12.0521576193
2350 2350 16.3141229355
2351 2351 20.1092626835
2352 2352 22.771012654
2353 2353 91.1831057513
2354 2354 27.8344918148
2355 2355 27.2592409001
2356 2356 22.0720948275
2357 2357 20.959377802
2358 2358 20.6586154454
2359 2359 21.8868412005
2360 2360 15.4282963331
2361 2361 16.1269471775
2362 2362 29.0176247591
2363 2363 29.821898041
2364 2364 23.5728958532
2365 2365 27.6379329937
2366 2366 29.1687041505
2367 2367 29.801617978
2368 2368 22.6127046127
2369 2369 27.9943298286
2370 2370 25.7375845768
2371 2371 27.5057743966
2372 2372 23.0597119716
2373 2373 25.0674209882
2374 2374 20.334939039
2375 2375 20.748692985
2376 2376 41.4360653368
2377 2377 42.1602251328
2378 2378 33.2771560547
2379 2379 41.074523574
2380 2380 36.0871313641
2381 2381 33.3170366828
2382 2382 54.5683208431
2383 2383 47.7227330807
2384 2384 28.4911040892
2385 2385 28.585856182
2386 2386 51.2928363301
2387 2387 49.8216333406
2388 2388 28.6674127919
2389 2389 28.8752498862
2390 2390 27.9182830525
2391 2391 33.0973506076
2392 2392 21.3302697155
2393 2393 33.0657498468
2394 2394 13.7226762722
2395 2395 26.0310382529
2396 2396 31.8768521508
2397 2397 33.261841004
2398 2398 21.5405742079
2399 2399 26.1395874175
2400 2400 35.4214297269
2401 2401 25.4911321128
2402 2402 19.3310822155
2403 2403 21.9728556736
2404 2404 35.1743834749
2405 2405 24.4390424659
2406 2406 13.3911359965
2407 2407 16.648478237
2408 2408 16.8009370194
2409 2409 16.1989351723
2410 2410 25.1875049159
2411 2411 26.434237814
2412 2412 17.4924002081
2413 2413 19.3506376189
2414 2414 19.3045050503
2415 2415 19.7205884311
2416 2416 13.8596682271
2417 2417 15.7347809416
2418 2418 24.4824920213
2419 2419 29.497215815
2420 2420 21.5407909739
2421 2421 26.5972332768
2422 2422 26.2900437449
2423 2423 27.4003342525
2424 2424 22.9574632492
2425 2425 25.6076058957
2426 2426 25.1626940111
2427 2427 25.8387206511
2428 2428 21.6971981011
2429 2429 22.396957485
2430 2430 20.860488892
2431 2431 19.5377625623
2432 2432 41.9013927643
2433 2433 43.4444150975
2434 2434 28.4108560039
2435 2435 33.0195592978
2436 2436 28.0673684192
2437 2437 32.9423714599
2438 2438 49.834432538
2439 2439 42.5718227364
2440 2440 28.0601210604
2441 2441 32.6075601359
2442 2442 42.9617109434
2443 2443 47.1778098259
2444 2444 23.9705096208
2445 2445 25.4318617112
2446 2446 23.8906136288
2447 2447 29.1558796588
2448 2448 23.5568881922
2449 2449 33.0109065457
2450 2450 16.6516633192
2451 2451 24.8151779463
2452 2452 32.4166875855
2453 2453 34.8044402295
2454 2454 19.4495432203
2455 2455 22.6956837185
2456 2456 29.4224071565
2457 2457 24.4658221179
2458 2458 17.6163653125
2459 2459 22.0567878171
2460 2460 33.8459851962
2461 2461 24.8197821865
2462 2462 13.1823392232
2463 2463 14.741788484
2464 2464 15.5750772334
2465 2465 15.9116215109
2466 2466 57.7707297495
2467 2467 19.8971584954
2468 2468 17.9160881776
2469 2469 20.1981103008
2470 2470 20.9378075678
2471 2471 11.3097007504
2472 2472 11.1380346395
2473 2473 17.451953918
2474 2474 15.8378183881
2475 2475 14.2392761521
2476 2476 14.9578136102
2477 2477 19.5788586041
2478 2478 19.5408418217
2479 2479 13.7999535552
2480 2480 13.166370013
2481 2481 14.9219832547
2482 2482 13.001893016
2483 2483 15.7930528182
2484 2484 14.920901583
2485 2485 18.1888974099
2486 2486 16.8908604906
2487 2487 18.611079484
2488 2488 23.9112441699
2489 2489 19.7309016987
2490 2490 21.713804405
2491 2491 29.2625368576
2492 2492 24.6737081936
2493 2493 22.3576058321
2494 2494 21.6294928736
2495 2495 28.6924275572
2496 2496 29.2680517844
2497 2497 47.1177687272
2498 2498 44.56403987
2499 2499 26.3075116361
2500 2500 30.6855466077
2501 2501 13.8812721641
2502 2502 15.1657259045
2503 2503 12.7240521357
2504 2504 15.851033514
2505 2505 11.5223988989
2506 2506 17.5117942928
2507 2507 22.4933766073
2508 2508 28.2309243899
2509 2509 17.77054949
2510 2510 20.065279091
2511 2511 18.0579334384
2512 2512 17.2577823387
2513 2513 15.1275048823
2514 2514 13.9139469273
2515 2515 22.8687965858
2516 2516 20.1495167766
2517 2517 13.2920093176
2518 2518 13.0598993084
2519 2519 19.6183009572
2520 2520 17.5443053353
2521 2521 21.7289146474
2522 2522 21.5591372208
2523 2523 21.3991008369
2524 2524 22.9913164356
2525 2525 12.579236907
2526 2526 13.2711177052
2527 2527 20.3511457472
2528 2528 19.2548572911
2529 2529 18.0147852057
2530 2530 19.9279791548
2531 2531 22.525619786
2532 2532 24.0266373508
2533 2533 17.5600358139
2534 2534 18.1499630214
2535 2535 16.9096200718
2536 2536 18.4220483986
2537 2537 16.159436059
2538 2538 17.890459161
2539 2539 21.4450585681
2540 2540 20.6872438966
2541 2541 17.3773672914
2542 2542 22.964541906
2543 2543 23.6462335147
2544 2544 21.0017841404
2545 2545 24.6654542709
2546 2546 19.2576874169
2547 2547 21.6620768526
2548 2548 23.6201583524
2549 2549 26.3862795569
2550 2550 22.1950380195
2551 2551 41.341386382
2552 2552 43.3424988288
2553 2553 28.0601804841
2554 2554 28.0932267825
2555 2555 19.4949226817
2556 2556 20.4772009281
2557 2557 13.5373525116
2558 2558 16.3539102013
2559 2559 14.0051298071
2560 2560 16.6722151751
2561 2561 23.8968287365
2562 2562 35.0823887448
2563 2563 16.2545861237
2564 2564 17.7254523933
2565 2565 18.0249818041
2566 2566 17.8499542572
2567 2567 17.7658661178
2568 2568 15.0162983949
2569 2569 23.9377464822
2570 2570 23.0488636199
2571 2571 19.0942933757
2572 2572 14.3566886413
2573 2573 20.269949601
2574 2574 18.5584858497
2575 2575 32.0343533276
2576 2576 20.0807771041
2577 2577 33.7809520514
2578 2578 44.7210769625
2579 2579 23.0736963097
2580 2580 29.3926370388
2581 2581 23.3928633587
2582 2582 19.260606231
2583 2583 19.3147161265
2584 2584 18.5775286913
2585 2585 20.5609985972
2586 2586 22.4725192096
2587 2587 19.6458431101
2588 2588 21.535306525
2589 2589 21.4785556783
2590 2590 21.4714669515
2591 2591 21.2887990093
2592 2592 18.0983391502
2593 2593 22.5377845716
2594 2594 18.7333598342
2595 2595 21.0663566908
2596 2596 23.0322624776
2597 2597 23.4535765079
2598 2598 22.4154897432
2599 2599 18.5320718129
2600 2600 21.1037120837
2601 2601 19.767617268
2602 2602 22.7878623903
2603 2603 17.8041116971
2604 2604 21.1343843563
2605 2605 20.335650393
2606 2606 17.9343935869
2607 2607 16.9323645343
2608 2608 24.069989257
2609 2609 18.7710505184
2610 2610 19.1642533491
2611 2611 15.7181331544
2612 2612 13.1738193116
2613 2613 16.2895847679
2614 2614 17.4716372317
2615 2615 19.3122692389
2616 2616 29.1138131934
2617 2617 24.0615457385
2618 2618 23.7768847888
2619 2619 22.8805712055
2620 2620 36.6341294773
2621 2621 39.7367215991
2622 2622 29.0642814053
2623 2623 21.8949418148
2624 2624 17.491542775
2625 2625 19.7612834632
2626 2626 19.7858474487
2627 2627 20.8903810053
2628 2628 16.4585883836
2629 2629 36.518091435
2630 2630 19.6229642719
2631 2631 23.7832962144
2632 2632 24.4765578379
2633 2633 23.1220402257
2634 2634 21.8243489073
2635 2635 22.5202420203
2636 2636 19.1564432503
2637 2637 23.3466517913
2638 2638 20.1241229485
2639 2639 25.5166718153
2640 2640 23.2768305665
2641 2641 26.6311312978
2642 2642 18.5697544276
2643 2643 24.0562778993
2644 2644 18.7584199818
2645 2645 23.9353555278
2646 2646 17.7507208445
2647 2647 16.1893978994
2648 2648 20.346335088
2649 2649 21.4925213871
2650 2650 22.556371066
2651 2651 21.3100651926
2652 2652 23.6433925041
2653 2653 22.2302388567
2654 2654 25.0613248096
2655 2655 26.4734083424
2656 2656 21.0246813436
2657 2657 20.0762791275
2658 2658 17.2955601916
2659 2659 17.0590766463
2660 2660 28.9087686511
2661 2661 30.1037793372
2662 2662 27.2672145016
2663 2663 23.9021518234
2664 2664 21.8455205015
2665 2665 20.853059686
2666 2666 18.5788680092
2667 2667 22.7632451027
2668 2668 25.5914601997
2669 2669 27.4843935183
2670 2670 22.8097429107
2671 2671 28.3170919614
2672 2672 21.8819544664
2673 2673 29.7292214204
2674 2674 27.2642125994
2675 2675 28.8844129382
2676 2676 14.1649028979
2677 2677 22.647054283
2678 2678 16.9676396922
2679 2679 18.5823913875
2680 2680 23.0741321964
2681 2681 24.0188705658
2682 2682 14.7359119064
2683 2683 26.4080119058
2684 2684 24.9804003456
2685 2685 27.1665422545
2686 2686 26.9898593583
2687 2687 30.9662074188
2688 2688 28.6387890096
2689 2689 27.5947289558
2690 2690 25.881068793
2691 2691 22.3339986787
2692 2692 29.0908957966
2693 2693 23.9782981125
2694 2694 22.7246288901
2695 2695 28.7632812804
2696 2696 26.1917585664
2697 2697 19.772194192
2698 2698 21.1429360541
2699 2699 20.3189513848
2700 2700 22.3213467671
2701 2701 20.8000324581
2702 2702 21.1390957058
2703 2703 22.4498160127
2704 2704 20.4589829672
2705 2705 20.2394260199
2706 2706 20.748715681
2707 2707 24.7053814939
2708 2708 22.9321552801
2709 2709 22.0639798382
2710 2710 19.9564071354
2711 2711 27.2655811085
2712 2712 20.9788290683
2713 2713 20.0094565275
2714 2714 18.0531950135
2715 2715 15.153214141
2716 2716 16.0561401662
2717 2717 18.8943531984
2718 2718 21.5665194329
2719 2719 20.2420151319
2720 2720 17.3693379973
2721 2721 22.9373526755
2722 2722 20.9426311781
2723 2723 23.7921599796
2724 2724 15.2664682646
2725 2725 24.6727054555
2726 2726 19.9804009036
2727 2727 19.4098401985
2728 2728 16.9294856949
2729 2729 27.244429882
2730 2730 22.0941103718
2731 2731 23.6186284316
2732 2732 26.1192361592
2733 2733 33.0073479788
2734 2734 30.3618062259
2735 2735 26.7529946786
2736 2736 30.8045568271
2737 2737 24.8775082352
2738 2738 31.2921080712
2739 2739 23.5724578452
2740 2740 27.1628746394
2741 2741 23.8845558709
2742 2742 26.6059883656
2743 2743 24.8906307296
2744 2744 29.9529359824
2745 2745 25.498303149
2746 2746 38.4651843908
2747 2747 18.1625983946
2748 2748 20.2586373207
2749 2749 22.5040356589
2750 2750 27.1338258347
2751 2751 18.3013188017
2752 2752 19.7186291304
2753 2753 18.9413405629
2754 2754 16.4447687593
2755 2755 20.7483163299
2756 2756 22.4268403375
2757 2757 25.5264548177
2758 2758 28.0834530434
2759 2759 21.5822599619
2760 2760 20.1117282497
2761 2761 28.4227472548
2762 2762 24.8958123714
2763 2763 21.6393644077
2764 2764 18.0356098492
2765 2765 19.6081852789
2766 2766 18.1882423833
2767 2767 20.9959098212
2768 2768 19.1620484244
2769 2769 29.8642679135
2770 2770 24.0982916785
2771 2771 25.6857210143
2772 2772 24.9602197481
2773 2773 30.818123736
2774 2774 26.0717463749
2775 2775 27.142126478
2776 2776 27.6551786045
2777 2777 22.7876257246
2778 2778 27.3509418959
2779 2779 33.8644208217
2780 2780 27.0500179029
2781 2781 19.3248667859
2782 2782 18.3323198313
2783 2783 16.9458836589
2784 2784 19.1687590397
2785 2785 16.2953749431
2786 2786 16.1878846051
2787 2787 17.8504590168
2788 2788 16.5875042808
2789 2789 18.2540138802
2790 2790 18.1023985781
2791 2791 19.117490109
2792 2792 21.1248860273
2793 2793 20.8923738822
2794 2794 16.2433526349
2795 2795 20.3614374508
2796 2796 19.8925848091
2797 2797 21.1129728864
2798 2798 20.1838189197
2799 2799 22.2459336744
2800 2800 14.1409639102
2801 2801 15.8399439596
2802 2802 18.5168583172
2803 2803 19.333031881
2804 2804 19.0734221462
2805 2805 16.9339097699
2806 2806 18.3361224477
2807 2807 19.1149725605
2808 2808 14.7107836074
2809 2809 16.5850974212
2810 2810 19.2931341799
2811 2811 14.5071591027
2812 2812 20.6624648622
2813 2813 16.1513129102
2814 2814 15.4416710354
2815 2815 18.1927749679
2816 2816 12.8133206341
2817 2817 14.8123371936
2818 2818 21.9623670846
2819 2819 17.7228098216
2820 2820 21.5024023858
2821 2821 22.8192503837
2822 2822 28.5810721155
2823 2823 18.6525375413
2824 2824 27.396588336
2825 2825 21.7531343583
2826 2826 19.9176083005
2827 2827 14.7043333943
2828 2828 20.721053751
2829 2829 19.8897019104
2830 2830 15.9728644411
2831 2831 15.3722611329
2832 2832 18.2666158505
2833 2833 16.8879445068
2834 2834 16.2160578918
2835 2835 16.4792588632
2836 2836 17.4974787442
2837 2837 17.4852530163
2838 2838 17.6720024336
2839 2839 18.8300740327
2840 2840 16.5396145931
2841 2841 25.2251306302
2842 2842 17.515777816
2843 2843 18.8027657044
2844 2844 16.111167898
2845 2845 17.6830681884
2846 2846 19.5919552313
2847 2847 22.3982127414
2848 2848 16.0182104251
2849 2849 16.5355864913
2850 2850 23.0640426749
2851 2851 16.3900750644
2852 2852 17.3741124228
2853 2853 15.5036428194
2854 2854 17.311648111
2855 2855 16.3099087178
2856 2856 15.3489106003
2857 2857 18.2126998275
2858 2858 24.746106881
2859 2859 19.0364080121
2860 2860 17.4086390775
2861 2861 16.5546833672
2862 2862 18.6061275526
2863 2863 17.4989190684
2864 2864 15.6934762309
2865 2865 16.5796536993
2866 2866 16.2164826105
2867 2867 20.384556135
2868 2868 22.203834848
2869 2869 21.1611768189
2870 2870 19.9379022111
2871 2871 28.6809336518
2872 2872 23.5609739664
2873 2873 17.5361986129
2874 2874 12.8770361502
2875 2875 15.5932408656
2876 2876 18.4284121955
2877 2877 17.3596233105
2878 2878 76.5566489043
2879 2879 69.4167652998
2880 2880 55.1843169124
2881 2881 61.150326771
2882 2882 66.8908660675
2883 2883 63.7151517847
2884 2884 43.7644265719
2885 2885 47.8795372607
2886 2886 42.3400144655
2887 2887 42.9614085296
2888 2888 48.142465686
2889 2889 45.6837137945
2890 2890 42.6478215047
2891 2891 29.8968682579
2892 2892 24.838094312
2893 2893 35.937373987
2894 2894 33.2602173416
2895 2895 25.0377189371
2896 2896 22.0300537849
2897 2897 23.0796417485
2898 2898 26.6667343621
2899 2899 18.1509878242
2900 2900 15.0745772742
2901 2901 39.3411961975
2902 2902 37.8597434127
2903 2903 23.6365601905
2904 2904 26.0018166455
2905 2905 23.6146265409
2906 2906 21.4654448751
2907 2907 22.2344645822
2908 2908 22.8293245787
2909 2909 20.6513272871
2910 2910 19.1974281924
2911 2911 27.464347934
2912 2912 22.3556424623
2913 2913 28.3151788836
2914 2914 22.6457279825
2915 2915 31.2294153712
2916 2916 26.2194614644
2917 2917 29.2196967531
2918 2918 25.1136389667
2919 2919 35.9079926662
2920 2920 28.9865678785
2921 2921 16.4021723622
2922 2922 19.8765334436
2923 2923 29.3537400072
2924 2924 31.056207523
2925 2925 74.4185277284
2926 2926 75.7004155184
2927 2927 56.4408250778
2928 2928 80.9691283296
2929 2929 48.3909241241
2930 2930 55.1550871167
2931 2931 52.1353150783
2932 2932 61.5246849075
2933 2933 34.114021994
2934 2934 43.1268203011
2935 2935 31.6895768672
2936 2936 39.1091791791
2937 2937 30.6139785371
2938 2938 26.7390560891
2939 2939 38.6924872592
2940 2940 32.3319847428
2941 2941 23.6458505094
2942 2942 21.1538914543
2943 2943 26.2481049466
2944 2944 33.4211806256
2945 2945 20.7882535713
2946 2946 17.9665733206
2947 2947 44.08354986
2948 2948 45.4126515995
2949 2949 20.2548408725
2950 2950 24.6013381938
2951 2951 20.9737780154
2952 2952 20.8941872336
2953 2953 28.8767228768
2954 2954 24.7200145957
2955 2955 19.4364383993
2956 2956 21.1745197539
2957 2957 25.3661833057
2958 2958 23.9349889976
2959 2959 29.9579397425
2960 2960 27.2269705586
2961 2961 35.2628329643
2962 2962 34.3593298046
2963 2963 26.7481297206
2964 2964 22.8923452629
2965 2965 36.2909380334
2966 2966 34.0074760273
2967 2967 13.8518359459
2968 2968 16.4485420868
2969 2969 19.85263757
2970 2970 21.2214936132
2971 2971 77.8423466256
2972 2972 38.4436209959
2973 2973 52.7036361983
2974 2974 77.1170422109
2975 2975 61.7678428391
2976 2976 64.372092622
2977 2977 54.8679431443
2978 2978 38.2996996447
2979 2979 42.6078530153
2980 2980 43.8275786669
2981 2981 37.1777657666
2982 2982 28.858856143
2983 2983 26.6871440293
2984 2984 39.2865918547
2985 2985 31.8809477764
2986 2986 21.2616855901
2987 2987 21.7939851876
2988 2988 26.8675646058
2989 2989 28.6177650813
2990 2990 22.780978276
2991 2991 18.3727764219
2992 2992 44.1441940493
2993 2993 39.9564814219
2994 2994 20.6315741106
2995 2995 21.6395188832
2996 2996 22.1556274592
2997 2997 20.015632072
2998 2998 23.6169777915
2999 2999 20.7300181676
3000 3000 23.4135838788
3001 3001 18.2224964864
3002 3002 26.9889884591
3003 3003 22.4848679578
3004 3004 27.8111621499
3005 3005 22.5677592949
3006 3006 36.0388861824
3007 3007 30.3518846627
3008 3008 24.9513554285
3009 3009 16.7246491906
3010 3010 40.1684482287
3011 3011 35.051519271
3012 3012 16.508792474
3013 3013 17.8575888219
3014 3014 26.1443436344
3015 3015 24.8729042492
3016 3016 52.6228659834
3017 3017 61.8937214081
3018 3018 60.6387218631
3019 3019 84.8504453599
3020 3020 56.5436218125
3021 3021 66.5106265649
3022 3022 33.4392168563
3023 3023 41.3706551417
3024 3024 39.5416467307
3025 3025 38.3505493637
3026 3026 32.913305305
3027 3027 29.8226725138
3028 3028 43.0594574893
3029 3029 35.7988410337
3030 3030 23.3068404039
3031 3031 21.1938367004
3032 3032 27.6884166278
3033 3033 35.9591079891
3034 3034 21.2876637168
3035 3035 16.3786053534
3036 3036 41.3575423249
3037 3037 45.5254966567
3038 3038 18.7795898184
3039 3039 20.5469314403
3040 3040 19.2236524947
3041 3041 19.3834508427
3042 3042 26.6645843902
3043 3043 23.97077076
3044 3044 21.6500240504
3045 3045 20.5844510983
3046 3046 26.1033954429
3047 3047 22.6021357695
3048 3048 23.4368540179
3049 3049 26.8693319925
3050 3050 41.1135399216
3051 3051 35.2134011878
3052 3052 21.5380393422
3053 3053 18.1218737503
3054 3054 35.7717203954
3055 3055 32.5538182874
3056 3056 14.6526351949
3057 3057 18.3564084176
3058 3058 22.6644326401
3059 3059 22.6977441992
3060 3060 77.3604099084
3061 3061 57.9338210517
3062 3062 46.5106509282
3063 3063 47.159743593
3064 3064 43.2495009177
3065 3065 48.5067828806
3066 3066 42.5716785238
3067 3067 55.2271308907
3068 3068 40.5236910522
3069 3069 32.448374921
3070 3070 25.4844556823
3071 3071 42.1705923919
3072 3072 33.6041843505
3073 3073 28.4182293191
3074 3074 21.3645706322
3075 3075 21.5475498501
3076 3076 26.08917946
3077 3077 16.4715937831
3078 3078 15.9457615588
3079 3079 34.0901273849
3080 3080 31.9891472381
3081 3081 23.9369222456
3082 3082 25.3213099837
3083 3083 22.9549633999
3084 3084 22.1688809299
3085 3085 21.4316464857
3086 3086 21.6840801006
3087 3087 16.3513989324
3088 3088 17.6139199142
3089 3089 17.5943022281
3090 3090 20.85189143
3091 3091 24.2462115324
3092 3092 21.3280686675
3093 3093 32.7517729865
3094 3094 25.9598187739
3095 3095 26.4071844399
3096 3096 18.8217182677
3097 3097 23.7052289963
3098 3098 23.9834907342
3099 3099 14.1275290382
3100 3100 15.9260255232
3101 3101 25.2273672597
3102 3102 24.3504920441
3103 3103 43.2332562946
3104 3104 55.3969802845
3105 3105 50.3990714616
3106 3106 59.0523288984
3107 3107 40.5036221301
3108 3108 48.386322783
3109 3109 41.4482319261
3110 3110 47.3845218129
3111 3111 28.8285659871
3112 3112 22.1529038688
3113 3113 44.1069845963
3114 3114 31.4272609252
3115 3115 26.0233355213
3116 3116 20.0282947731
3117 3117 24.290269262
3118 3118 29.806192541
3119 3119 18.1603433401
3120 3120 15.2728365929
3121 3121 38.2741650209
3122 3122 36.3139744721
3123 3123 20.238392621
3124 3124 22.5323768759
3125 3125 20.5528039285
3126 3126 19.8613591874
3127 3127 26.5036832105
3128 3128 24.1408746464
3129 3129 18.7929772129
3130 3130 18.5290399602
3131 3131 19.4802220267
3132 3132 21.1900259915
3133 3133 29.133913087
3134 3134 26.1288077449
3135 3135 37.5899245124
3136 3136 32.3617322874
3137 3137 31.701604526
3138 3138 21.2397266818
3139 3139 31.0729750658
3140 3140 30.8077994882
3141 3141 13.5267566017
3142 3142 16.2916493173
3143 3143 21.7557877275
3144 3144 25.4427203353
3145 3145 54.7872096828
3146 3146 82.5408224436
3147 3147 45.9167744098
3148 3148 42.1066859033
3149 3149 40.8576652061
3150 3150 40.8424701219
3151 3151 26.298315932
3152 3152 28.207470126
3153 3153 24.8307528397
3154 3154 44.460364558
3155 3155 29.8540212856
3156 3156 21.3666698408
3157 3157 18.8757227727
3158 3158 23.0351662139
3159 3159 26.5141217131
3160 3160 17.9298833239
3161 3161 16.4410200388
3162 3162 41.7352551272
3163 3163 35.8089148673
3164 3164 18.446972282
3165 3165 22.0335161978
3166 3166 22.6741832406
3167 3167 20.2289317169
3168 3168 18.6243087796
3169 3169 17.6346224429
3170 3170 19.0192766937
3171 3171 16.1057606319
3172 3172 27.9566618297
3173 3173 22.831874503
3174 3174 23.2186515811
3175 3175 25.243872637
3176 3176 37.5941596827
3177 3177 27.0080746699
3178 3178 19.8480753649
3179 3179 14.7348062537
3180 3180 33.6851298678
3181 3181 30.0870791936
3182 3182 14.7624128208
3183 3183 15.9791610299
3184 3184 20.6250226309
3185 3185 20.3879755252
3186 3186 59.3986707532
3187 3187 66.5453623661
3188 3188 35.1078701962
3189 3189 35.6512938722
3190 3190 38.7199957776
3191 3191 31.3721318553
3192 3192 35.5855632388
3193 3193 28.9667174538
3194 3194 38.371302904
3195 3195 42.0477216527
3196 3196 27.7400623792
3197 3197 23.0947590845
3198 3198 30.2201885637
3199 3199 36.2146286852
3200 3200 19.219046916
3201 3201 16.7565808036
3202 3202 32.786888117
3203 3203 35.1584338029
3204 3204 17.9834305913
3205 3205 21.0480767553
3206 3206 21.8181527777
3207 3207 21.0207176396
3208 3208 29.0425443734
3209 3209 27.5431976088
3210 3210 21.3700755905
3211 3211 22.2456275968
3212 3212 24.196660868
3213 3213 22.0346842182
3214 3214 24.4884443222
3215 3215 34.406256056
3216 3216 39.3154342873
3217 3217 33.2550143382
3218 3218 23.1444710891
3219 3219 17.7137612306
3220 3220 28.7886567262
3221 3221 30.8135143917
3222 3222 15.1670131887
3223 3223 20.329643886
3224 3224 19.249845023
3225 3225 23.3524827678
3226 3226 49.1328680563
3227 3227 52.8751967378
3228 3228 45.777223336
3229 3229 41.9758849135
3230 3230 33.3042338952
3231 3231 26.1259574281
3232 3232 20.449258725
3233 3233 48.16043509
3234 3234 28.5564541074
3235 3235 28.1107412797
3236 3236 17.5856237116
3237 3237 25.8761514639
3238 3238 27.3865620652
3239 3239 17.8689194502
3240 3240 16.5977858611
3241 3241 39.3773277532
3242 3242 36.1545534108
3243 3243 16.9317209377
3244 3244 19.027057768
3245 3245 25.205661998
3246 3246 23.2651267543
3247 3247 18.8724279937
3248 3248 18.366505436
3249 3249 16.7712474748
3250 3250 14.0205650105
3251 3251 25.7943356296
3252 3252 23.475157282
3253 3253 25.9141099045
3254 3254 28.031801599
3255 3255 35.2830977303
3256 3256 28.5418574297
3257 3257 20.5006253217
3258 3258 15.735161571
3259 3259 34.0494954656
3260 3260 28.0261406777
3261 3261 12.4071905844
3262 3262 12.3728825386
3263 3263 22.0312485746
3264 3264 24.0094121307
3265 3265 34.2436379786
3266 3266 36.6266234902
3267 3267 36.0528474013
3268 3268 41.0556485837
3269 3269 26.3289949056
3270 3270 21.1407335689
3271 3271 31.2573765885
3272 3272 31.840417145
3273 3273 21.6488425911
3274 3274 20.6600546739
3275 3275 26.45166784
3276 3276 29.0952803619
3277 3277 23.6429034978
3278 3278 22.0128432553
3279 3279 32.9615224709
3280 3280 34.0290001999
3281 3281 16.9039970952
3282 3282 19.0218190357
3283 3283 20.9124830164
3284 3284 21.1393273937
3285 3285 27.953950263
3286 3286 23.9058755183
3287 3287 18.4215544867
3288 3288 20.6410731658
3289 3289 23.8557800063
3290 3290 20.0949155355
3291 3291 27.7105867384
3292 3292 36.6046829769
3293 3293 40.5550429569
3294 3294 40.1248501674
3295 3295 23.3398240659
3296 3296 19.4166764474
3297 3297 35.8203958477
3298 3298 44.8404646037
3299 3299 14.6625711021
3300 3300 20.2679437989
3301 3301 20.391696819
3302 3302 25.2723095447
3303 3303 45.7553765978
3304 3304 48.6706687357
3305 3305 40.7911579145
3306 3306 26.7936352098
3307 3307 22.3428502542
3308 3308 30.1301041147
3309 3309 30.3320676319
3310 3310 20.5459657604
3311 3311 21.4767480169
3312 3312 24.207439426
3313 3313 29.1561437151
3314 3314 15.1923655131
3315 3315 21.0621980561
3316 3316 31.3905407557
3317 3317 30.0583980823
3318 3318 24.1046810084
3319 3319 21.7597125572
3320 3320 23.8133884262
3321 3321 20.7791028333
3322 3322 18.290628305
3323 3323 19.0205509511
3324 3324 15.8745107747
3325 3325 16.063829801
3326 3326 20.2173829612
3327 3327 19.3375995598
3328 3328 23.4240681249
3329 3329 23.0941756915
3330 3330 25.8115215976
3331 3331 27.7913144919
3332 3332 20.9923861208
3333 3333 14.9216760773
3334 3334 35.8546278324
3335 3335 29.2823867854
3336 3336 13.4722635213
3337 3337 13.4863271327
3338 3338 38.2139126298
3339 3339 27.531092247
3340 3340 33.2024405211
3341 3341 57.0519858368
3342 3342 19.4333970607
3343 3343 16.105609082
3344 3344 35.6002884534
3345 3345 29.2735983702
3346 3346 22.9067750625
3347 3347 20.6916258382
3348 3348 23.8431081947
3349 3349 23.9316804297
3350 3350 16.694583351
3351 3351 16.2294459288
3352 3352 31.2469193587
3353 3353 29.6894367252
3354 3354 18.3612724095
3355 3355 19.6325559711
3356 3356 17.605843451
3357 3357 17.6947358507
3358 3358 17.3050187917
3359 3359 22.422142216
3360 3360 21.6476509881
3361 3361 17.781428267
3362 3362 19.0029922981
3363 3363 16.8523525035
3364 3364 24.2243876541
3365 3365 26.0450907992
3366 3366 27.0992510422
3367 3367 23.9994518856
3368 3368 26.311650868
3369 3369 25.8705785173
3370 3370 29.6834776479
3371 3371 33.9884277781
3372 3372 14.879679377
3373 3373 22.9787223325
3374 3374 28.2572626838
3375 3375 34.9415361709
3376 3376 41.3075252549
3377 3377 28.4346285997
3378 3378 26.5348944732
3379 3379 28.3675783893
3380 3380 27.4294744568
3381 3381 23.6655230033
3382 3382 20.3443010514
3383 3383 23.1863989571
3384 3384 27.4360276135
3385 3385 16.5425742721
3386 3386 15.4625537221
3387 3387 27.3853781066
3388 3388 29.5738547455
3389 3389 24.0166640172
3390 3390 21.4493526311
3391 3391 25.2123684096
3392 3392 23.6465896314
3393 3393 21.8003661611
3394 3394 22.5185982416
3395 3395 18.9214047134
3396 3396 17.3622582415
3397 3397 22.0044481273
3398 3398 23.5324841877
3399 3399 22.4587972394
3400 3400 23.8377886358
3401 3401 29.4288620418
3402 3402 21.9631419308
3403 3403 19.6060719061
3404 3404 15.7007013454
3405 3405 27.5105526876
3406 3406 21.5516809845
3407 3407 14.8415858907
3408 3408 17.6120125042
3409 3409 40.5806551438
3410 3410 24.297888901
3411 3411 22.9025774441
3412 3412 20.0071195819
3413 3413 26.6364336934
3414 3414 32.0680616348
3415 3415 17.1308273762
3416 3416 19.1134958956
3417 3417 22.358399219
3418 3418 21.8843644379
3419 3419 17.046324644
3420 3420 19.3197543139
3421 3421 32.1461296041
3422 3422 35.1551395423
3423 3423 21.3559406258
3424 3424 22.676626503
3425 3425 19.1055822545
3426 3426 14.963525177
3427 3427 20.1115787361
3428 3428 20.1991143422
3429 3429 21.2116728691
3430 3430 19.502421543
3431 3431 19.3873855259
3432 3432 19.7684649119
3433 3433 27.4914488106
3434 3434 20.63082151
3435 3435 29.2054697103
3436 3436 26.8121885908
3437 3437 25.5248258464
3438 3438 20.2976930553
3439 3439 33.8069755541
3440 3440 38.9809564839
3441 3441 15.2054437021
3442 3442 22.4396108341
3443 3443 38.1537577166
3444 3444 36.6052989169
3445 3445 79.4676784191
3446 3446 32.4042666032
3447 3447 38.1169987674
3448 3448 28.4096612888
3449 3449 26.6587668089
3450 3450 26.9278137812
3451 3451 49.5449096715
3452 3452 17.2322917195
3453 3453 15.6302431872
3454 3454 37.667645487
3455 3455 31.4830767534
3456 3456 43.5628203829
3457 3457 36.9796299138
3458 3458 24.4650003277
3459 3459 25.1562434641
3460 3460 25.4958377757
3461 3461 32.3482154886
3462 3462 18.3670657779
3463 3463 26.7774557493
3464 3464 19.9186436785
3465 3465 26.061668463
3466 3466 24.4193564127
3467 3467 29.4175802503
3468 3468 34.2051490262
3469 3469 33.3634173256
3470 3470 17.6965571874
3471 3471 17.6313147604
3472 3472 26.129656342
3473 3473 24.6503370036
3474 3474 11.9363819675
3475 3475 15.5716303352
3476 3476 18.8292849772
3477 3477 16.5950227757
3478 3478 28.8679790672
3479 3479 35.7066920412
3480 3480 27.1673777602
3481 3481 30.9298356638
3482 3482 30.3912950312
3483 3483 49.6877502624
3484 3484 19.7255026698
3485 3485 17.8098104108
3486 3486 32.1517349682
3487 3487 30.5768530252
3488 3488 41.3146553817
3489 3489 40.3907225645
3490 3490 25.2715690054
3491 3491 26.7033298786
3492 3492 25.7213087283
3493 3493 30.0278090707
3494 3494 19.4299841575
3495 3495 26.0943518156
3496 3496 20.8826787165
3497 3497 25.2916933513
3498 3498 27.2844436376
3499 3499 26.074123964
3500 3500 32.4847964909
3501 3501 30.7354212901
3502 3502 21.4640421937
3503 3503 18.4621254949
3504 3504 28.9748158542
3505 3505 29.3570018509
3506 3506 15.0261727075
3507 3507 16.5046513366
3508 3508 17.0722973833
3509 3509 16.411242997
3510 3510 63.7714928761
3511 3511 48.6284317538
3512 3512 22.4075155486
3513 3513 26.7080332754
3514 3514 28.6755806389
3515 3515 17.1816810705
3516 3516 12.4065513613
3517 3517 54.0142412046
3518 3518 50.9463744511
3519 3519 25.1461107236
3520 3520 24.700804407
3521 3521 24.0619254814
3522 3522 23.5467161332
3523 3523 19.3070568274
3524 3524 27.3054201925
3525 3525 15.8193921857
3526 3526 25.6074986273
3527 3527 23.9551441514
3528 3528 22.6569072835
3529 3529 22.0175182712
3530 3530 25.7738567234
3531 3531 29.9183198488
3532 3532 28.0955142284
3533 3533 25.5289015384
3534 3534 21.6736707026
3535 3535 27.541829024
3536 3536 25.4621505401
3537 3537 16.4018661876
3538 3538 19.2821671036
3539 3539 19.3920030259
3540 3540 22.4362609706
3541 3541 57.2990036187
3542 3542 51.8655245094
3543 3543 33.6943492419
3544 3544 34.8970598779
3545 3545 23.9329270119
3546 3546 22.612469396
3547 3547 41.8949451392
3548 3548 52.3502235454
3549 3549 31.007081026
3550 3550 31.9979669279
3551 3551 24.3878054454
3552 3552 26.7456475331
3553 3553 22.7727829367
3554 3554 28.6923903028
3555 3555 22.141889311
3556 3556 25.1756685327
3557 3557 24.9941558173
3558 3558 25.023367177
3559 3559 23.3037635573
3560 3560 27.9707884281
3561 3561 24.9854950729
3562 3562 21.5405535377
3563 3563 20.4473963345
3564 3564 18.8777022341
3565 3565 27.7178916422
3566 3566 26.6754182365
3567 3567 18.7962432557
3568 3568 24.1437151988
3569 3569 28.0871875416
3570 3570 31.9901096469
3571 3571 51.5508507462
3572 3572 36.5806105642
3573 3573 33.9098796115
3574 3574 25.9291472277
3575 3575 19.4941029912
3576 3576 36.7747094965
3577 3577 28.4515583983
3578 3578 23.9383130058
3579 3579 26.0274070993
3580 3580 17.933818316
3581 3581 18.7529043788
3582 3582 18.050593913
3583 3583 23.5220917124
3584 3584 16.4134418351
3585 3585 22.864454541
3586 3586 25.5562361405
3587 3587 30.0429560381
3588 3588 21.6990602009
3589 3589 29.6642005383
3590 3590 24.1664323313
3591 3591 23.1754120994
3592 3592 16.1155874572
3593 3593 16.445679091
3594 3594 29.4329163393
3595 3595 21.2732036417
3596 3596 14.2625683868
3597 3597 17.8962107124
3598 3598 21.2228052247
3599 3599 21.466197908
3600 3600 32.8453636566
3601 3601 46.5327084841
3602 3602 22.3204361146
3603 3603 42.9498343368
3604 3604 29.3895793521
3605 3605 33.9050232499
3606 3606 21.5987322179
3607 3607 24.6202281011
3608 3608 18.8332710553
3609 3609 22.334110087
3610 3610 17.3674373062
3611 3611 24.230395631
3612 3612 18.4476651392
3613 3613 21.7427256485
3614 3614 26.8923551081
3615 3615 29.6994042257
3616 3616 20.9007996045
3617 3617 23.184838901
3618 3618 17.445762854
3619 3619 18.4343723131
3620 3620 13.9882274122
3621 3621 15.6047708092
3622 3622 24.279704043
3623 3623 22.4539678967
3624 3624 17.1866062304
3625 3625 22.729745801
3626 3626 21.3388606211
3627 3627 24.6705820978
3628 3628 53.6129907082
3629 3629 19.6159232986
3630 3630 20.703762648
3631 3631 32.6562273257
3632 3632 29.5183473252
3633 3633 21.3777395191
3634 3634 22.5845554987
3635 3635 25.5588785566
3636 3636 27.8628975969
3637 3637 29.465349973
3638 3638 36.3829939948
3639 3639 25.6062670915
3640 3640 27.5228021285
3641 3641 34.7090366903
3642 3642 38.5937912205
3643 3643 24.7365288103
3644 3644 26.8689184007
3645 3645 39.0618549755
3646 3646 30.9702965554
3647 3647 20.3306185565
3648 3648 28.1370643274
3649 3649 31.7661204403
3650 3650 26.2215270256
3651 3651 13.765352899
3652 3652 18.8976505191
3653 3653 20.3712296501
3654 3654 22.3689856588
3655 3655 16.0388599014
3656 3656 20.1579846382
3657 3657 34.5023075086
3658 3658 34.4899265089
3659 3659 24.5981134922
3660 3660 22.2826041402
3661 3661 26.1766963787
3662 3662 26.8946079675
3663 3663 26.6802346225
3664 3664 24.1401127389
3665 3665 21.9506752246
3666 3666 22.1473202974
3667 3667 23.9886968028
3668 3668 29.101825871
3669 3669 26.5214270055
3670 3670 29.707141961
3671 3671 31.7908964141
3672 3672 40.2055976903
3673 3673 15.2416317495
3674 3674 22.1213256182
3675 3675 32.0087927834
3676 3676 25.7563958245
3677 3677 13.8019220656
3678 3678 19.1266592856
3679 3679 17.0809623951
3680 3680 18.3188774534
3681 3681 35.0599151406
3682 3682 30.2088562994
3683 3683 27.312315342
3684 3684 16.5931759472
3685 3685 18.4508441018
3686 3686 23.2544265311
3687 3687 18.7941097444
3688 3688 20.8673488136
3689 3689 22.466143855
3690 3690 21.3624923706
3691 3691 23.4708642152
3692 3692 26.9337954851
3693 3693 25.8634357582
3694 3694 25.9279924717
3695 3695 26.0657826963
3696 3696 23.4325950079
3697 3697 20.0363898826
3698 3698 22.3862115876
3699 3699 26.3137032807
3700 3700 30.8589157282
3701 3701 25.6038425573
3702 3702 20.924602481
3703 3703 23.4773034811
3704 3704 17.1383979205
3705 3705 26.0777356993
3706 3706 22.3571384262
3707 3707 25.2978643313
3708 3708 16.794028306
3709 3709 18.726073813
3710 3710 25.1229115105
3711 3711 24.2928362656
3712 3712 18.4092433729
3713 3713 20.151915358
3714 3714 18.1192589211
3715 3715 24.7685656872
3716 3716 18.9021134032
3717 3717 20.5762952665
3718 3718 20.5692940779
3719 3719 24.9147691742
3720 3720 18.021670952
3721 3721 20.2298900401
3722 3722 15.7254455334
3723 3723 17.0888824723
3724 3724 27.2059454605
3725 3725 29.1663961753
3726 3726 17.1963225096
3727 3727 20.6747754633
3728 3728 19.8302573549
3729 3729 30.2436741339
3730 3730 91.5703795543
3731 3731 35.1891430032
3732 3732 33.419770084
3733 3733 26.4532312545
3734 3734 21.4035277513
3735 3735 19.8360949584
3736 3736 27.7313700672
3737 3737 15.4968888219
3738 3738 24.9232413144
3739 3739 26.1415868198
3740 3740 26.4541068676
3741 3741 27.0932999079
3742 3742 24.4135278069
3743 3743 31.3536790475
3744 3744 29.7142821473
3745 3745 25.6255765918
3746 3746 22.2932005313
3747 3747 38.2080552721
3748 3748 36.3993946568
3749 3749 17.4573720048
3750 3750 19.8727429407
3751 3751 26.0848334543
3752 3752 31.3633411141
3753 3753 31.4184708876
3754 3754 36.3433670783
3755 3755 27.35980836
3756 3756 22.5809959613
3757 3757 21.645571706
3758 3758 29.33602323
3759 3759 18.0122878788
3760 3760 27.088760541
3761 3761 26.3328195868
3762 3762 28.4837284186
3763 3763 26.9357172058
3764 3764 23.3876938991
3765 3765 28.947720317
3766 3766 25.6378212215
3767 3767 23.1044882104
3768 3768 21.3321152122
3769 3769 35.726995179
3770 3770 34.8967233917
3771 3771 18.7537248443
3772 3772 19.4730890317
3773 3773 27.0109971553
3774 3774 29.6720522697
3775 3775 80.2712821571
3776 3776 19.6787901673
3777 3777 16.9352986373
3778 3778 17.1959643451
3779 3779 17.7447133884
3780 3780 16.2951206883
3781 3781 19.1674014459
3782 3782 17.4621619744
3783 3783 18.6476387812
3784 3784 22.4104509108
3785 3785 18.6133454473
3786 3786 23.3511498478
3787 3787 23.0362405654
3788 3788 15.5638857086
3789 3789 13.4423942863
3790 3790 21.3420672168
3791 3791 23.8663968107
3792 3792 14.9195878448
3793 3793 14.9244971159
3794 3794 18.8173363289
3795 3795 19.5694109913
3796 3796 21.3053589703
3797 3797 17.2388147973
3798 3798 17.4622204722
3799 3799 18.8204424849
3800 3800 16.2879575694
3801 3801 18.9742296162
3802 3802 17.1341912225
3803 3803 18.0184698759
3804 3804 22.9424816742
3805 3805 19.7514817292
3806 3806 24.4874435889
3807 3807 23.2224491675
3808 3808 18.8978094098
3809 3809 15.6466823932
3810 3810 22.9799844529
3811 3811 26.4368126043
3812 3812 17.0034710179
3813 3813 17.2296220327
3814 3814 18.5584424042
3815 3815 19.1928510577
3816 3816 47.5860008401
3817 3817 22.3723993685
3818 3818 20.3071707042
3819 3819 16.1547454092
3820 3820 19.8012892298
3821 3821 30.6000997805
3822 3822 29.309474779
3823 3823 17.6824305624
3824 3824 17.7021013129
3825 3825 20.4005452176
3826 3826 22.3319191174
3827 3827 19.7111481681
3828 3828 24.2876653451
3829 3829 34.4539193347
3830 3830 24.2673559119
3831 3831 11.6739818627
3832 3832 20.4833314847
3833 3833 21.1042961299
3834 3834 20.1486123039
3835 3835 16.0171093358
3836 3836 27.1096008781
3837 3837 22.0258932539
3838 3838 19.1745236346
3839 3839 39.3560736311
3840 3840 35.3827060846
3841 3841 19.4388521394
3842 3842 18.4607059262
3843 3843 19.9881563125
3844 3844 18.6967551693
3845 3845 18.9070623108
3846 3846 19.3265993834
3847 3847 28.1734205098
3848 3848 22.8592758638
3849 3849 10.4621442036
3850 3850 17.1417894117
3851 3851 18.0566030667
3852 3852 18.584896519
3853 3853 27.0868863944
3854 3854 27.3775574447
3855 3855 26.7503653079
3856 3856 16.1752348684
3857 3857 21.3425535595
3858 3858 25.5003840102
3859 3859 28.6095729167
3860 3860 26.9859942406
3861 3861 26.7792729539
3862 3862 12.9499696598
3863 3863 14.957759066
3864 3864 24.2159633286
3865 3865 25.7547692758
3866 3866 8.69975065922
3867 3867 11.392230908
3868 3868 15.5883137345
3869 3869 15.9463017739
3870 3870 23.5023817767
3871 3871 48.8130842696
3872 3872 28.2004056922
3873 3873 34.5434423307
3874 3874 19.5335405229
3875 3875 25.7749641128
3876 3876 28.4462044329
3877 3877 22.2354418383
3878 3878 18.0884610537
3879 3879 18.6401451242
3880 3880 26.0682350862
3881 3881 21.0555213719
3882 3882 10.6103741415
3883 3883 13.75806831
3884 3884 16.827561224
3885 3885 16.6696345532
3886 3886 18.6718510555
3887 3887 21.8881569188
3888 3888 22.9590322668
3889 3889 13.2616916871
3890 3890 18.1339424543
3891 3891 16.1651567746
3892 3892 17.7637460852
3893 3893 13.3314219281
3894 3894 14.7342691263
3895 3895 17.4145881113
3896 3896 18.4666691719
3897 3897 10.9831566713
3898 3898 17.1717004148
3899 3899 20.0464337147
3900 3900 23.3659517523
3901 3901 17.9793584632
3902 3902 22.2665911904
3903 3903 20.8272662208
3904 3904 20.1556884192
3905 3905 21.2338919797
3906 3906 18.1277137929
3907 3907 15.2846136706
3908 3908 17.4238262171
3909 3909 22.6188518582
3910 3910 18.4889897586
3911 3911 10.724598374
3912 3912 12.719131048
3913 3913 17.1481425836
3914 3914 16.6747587024
3915 3915 42.9854435583
3916 3916 13.8919161423
3917 3917 15.66201762
3918 3918 17.6321323838
3919 3919 15.8702977233
3920 3920 17.2573437955
3921 3921 21.6568635552
3922 3922 24.574438692
3923 3923 20.7976105412
3924 3924 11.4481636489
3925 3925 14.8162603375
3926 3926 18.3074669868
3927 3927 21.6210432941
3928 3928 16.4999981323
3929 3929 16.7123874221
3930 3930 19.5744782283
3931 3931 17.2293986813
3932 3932 18.4270301991
3933 3933 22.8559748423
3934 3934 22.8313763897
3935 3935 20.9050042911
3936 3936 11.9857583021
3937 3937 16.5746848452
3938 3938 18.7313476768
3939 3939 17.6899006508
3940 3940 51.1979947133
3941 3941 55.0973269474
3942 3942 45.4929245208
3943 3943 25.1460064233
3944 3944 32.2092918035
3945 3945 34.787577106
3946 3946 26.709857246
3947 3947 11.0657902827
3948 3948 17.8354713125
3949 3949 18.8353886549
3950 3950 21.4146603482
3951 3951 54.2421460127
3952 3952 55.5856910719
3953 3953 19.3416776069
3954 3954 30.8948256095
3955 3955 29.9658620964
3956 3956 25.3596964442
3957 3957 10.8296529917
3958 3958 20.7392166101
3959 3959 17.8678925212
3960 3960 18.8316394188
3961 3961 64.8046706433
3962 3962 34.6738111432
3963 3963 32.6553612881
3964 3964 45.9776872612
3965 3965 35.4148902311
3966 3966 13.3692190474
3967 3967 18.3434829545
3968 3968 21.257658218
3969 3969 23.6546774804
3970 3970 23.5618349431
3971 3971 33.1729161958
3972 3972 37.3376122573
3973 3973 42.3241023492
3974 3974 10.7878928127
3975 3975 20.6081232101
3976 3976 16.2487502143
3977 3977 18.0733466743
3978 3978 42.1391483413
3979 3979 38.0476795205
3980 3980 28.8963117099
3981 3981 26.4020570747
3982 3982 19.1794506851
3983 3983 22.415029513
3984 3984 25.5963522331
3985 3985 41.3511290609
3986 3986 28.1403904524
3987 3987 16.0183286414
3988 3988 27.3927649786
3989 3989 19.7141300778
3990 3990 25.0695767788
3991 3991 58.5671075052
3992 3992 24.087070148
3993 3993 20.1574286409
3994 3994 38.2869455283
3995 3995 47.2580125029
3996 3996 17.0327271253
3997 3997 23.9541172879
3998 3998 29.7856925768
3999 3999 48.6093476697
4000 4000 20.0147987137
4001 4001 28.3375664131
4002 4002 23.3229109973
4003 4003 20.6037953399
4004 4004 31.4146188742
4005 4005 55.1938298615
