15 12 30
2 6 1.05724362244
2 8 -1.32277162906
2 10 -1.23093816791
3 5 0.36434214402
3 9 0.231506054222
3 10 0.286901961199
4 4 -0.899807086168
5 3 -0.320662707298
7 1 0.369302790145
7 10 0.067480309538
8 2 0.301825605197
8 10 -0.219515493933
9 5 -0.538594170825
9 12 0.784040084528
10 2 0.330140480966
10 3 -0.0935717018793
10 7 -1.39416604368
10 10 0.555063814791
11 2 0.855699230544
11 4 -0.280571002666
11 7 -0.153082719136
11 12 0.0882481355469
13 1 0.923218572996
14 3 1.46392386459
14 4 0.689733466881
14 7 0.285381931909
14 11 0.0787749366041
14 12 1.49737196001
15 5 -1.26621619618
15 12 0.0368687554396
